 v-sweep         v(out)         
 0.00000000e+00  1.80000000e+00 
 1.00000000e-03  1.80000000e+00 
 2.00000000e-03  1.80000000e+00 
 3.00000000e-03  1.80000000e+00 
 4.00000000e-03  1.80000000e+00 
 5.00000000e-03  1.80000000e+00 
 6.00000000e-03  1.80000000e+00 
 7.00000000e-03  1.80000000e+00 
 8.00000000e-03  1.80000000e+00 
 9.00000000e-03  1.80000000e+00 
 1.00000000e-02  1.80000000e+00 
 1.10000000e-02  1.80000000e+00 
 1.20000000e-02  1.80000000e+00 
 1.30000000e-02  1.80000000e+00 
 1.40000000e-02  1.80000000e+00 
 1.50000000e-02  1.80000000e+00 
 1.60000000e-02  1.80000000e+00 
 1.70000000e-02  1.80000000e+00 
 1.80000000e-02  1.80000000e+00 
 1.90000000e-02  1.80000000e+00 
 2.00000000e-02  1.80000000e+00 
 2.10000000e-02  1.80000000e+00 
 2.20000000e-02  1.80000000e+00 
 2.30000000e-02  1.80000000e+00 
 2.40000000e-02  1.80000000e+00 
 2.50000000e-02  1.80000000e+00 
 2.60000000e-02  1.80000000e+00 
 2.70000000e-02  1.80000000e+00 
 2.80000000e-02  1.80000000e+00 
 2.90000000e-02  1.80000000e+00 
 3.00000000e-02  1.80000000e+00 
 3.10000000e-02  1.80000000e+00 
 3.20000000e-02  1.80000000e+00 
 3.30000000e-02  1.80000000e+00 
 3.40000000e-02  1.80000000e+00 
 3.50000000e-02  1.80000000e+00 
 3.60000000e-02  1.80000000e+00 
 3.70000000e-02  1.79999999e+00 
 3.80000000e-02  1.79999999e+00 
 3.90000000e-02  1.79999999e+00 
 4.00000000e-02  1.79999999e+00 
 4.10000000e-02  1.79999999e+00 
 4.20000000e-02  1.79999999e+00 
 4.30000000e-02  1.79999999e+00 
 4.40000000e-02  1.79999999e+00 
 4.50000000e-02  1.79999999e+00 
 4.60000000e-02  1.79999999e+00 
 4.70000000e-02  1.79999999e+00 
 4.80000000e-02  1.79999999e+00 
 4.90000000e-02  1.79999999e+00 
 5.00000000e-02  1.79999999e+00 
 5.10000000e-02  1.79999999e+00 
 5.20000000e-02  1.79999999e+00 
 5.30000000e-02  1.79999999e+00 
 5.40000000e-02  1.79999999e+00 
 5.50000000e-02  1.79999999e+00 
 5.60000000e-02  1.79999999e+00 
 5.70000000e-02  1.79999999e+00 
 5.80000000e-02  1.79999999e+00 
 5.90000000e-02  1.79999999e+00 
 6.00000000e-02  1.79999999e+00 
 6.10000000e-02  1.79999999e+00 
 6.20000000e-02  1.79999999e+00 
 6.30000000e-02  1.79999999e+00 
 6.40000000e-02  1.79999999e+00 
 6.50000000e-02  1.79999999e+00 
 6.60000000e-02  1.79999999e+00 
 6.70000000e-02  1.79999999e+00 
 6.80000000e-02  1.79999999e+00 
 6.90000000e-02  1.79999999e+00 
 7.00000000e-02  1.79999999e+00 
 7.10000000e-02  1.79999999e+00 
 7.20000000e-02  1.79999999e+00 
 7.30000000e-02  1.79999999e+00 
 7.40000000e-02  1.79999999e+00 
 7.50000000e-02  1.79999999e+00 
 7.60000000e-02  1.79999999e+00 
 7.70000000e-02  1.79999999e+00 
 7.80000000e-02  1.79999998e+00 
 7.90000000e-02  1.79999998e+00 
 8.00000000e-02  1.79999998e+00 
 8.10000000e-02  1.79999998e+00 
 8.20000000e-02  1.79999998e+00 
 8.30000000e-02  1.79999998e+00 
 8.40000000e-02  1.79999998e+00 
 8.50000000e-02  1.79999998e+00 
 8.60000000e-02  1.79999998e+00 
 8.70000000e-02  1.79999998e+00 
 8.80000000e-02  1.79999998e+00 
 8.90000000e-02  1.79999998e+00 
 9.00000000e-02  1.79999998e+00 
 9.10000000e-02  1.79999998e+00 
 9.20000000e-02  1.79999998e+00 
 9.30000000e-02  1.79999998e+00 
 9.40000000e-02  1.79999998e+00 
 9.50000000e-02  1.79999998e+00 
 9.60000000e-02  1.79999998e+00 
 9.70000000e-02  1.79999997e+00 
 9.80000000e-02  1.79999997e+00 
 9.90000000e-02  1.79999997e+00 
 1.00000000e-01  1.79999997e+00 
 1.01000000e-01  1.79999997e+00 
 1.02000000e-01  1.79999997e+00 
 1.03000000e-01  1.79999997e+00 
 1.04000000e-01  1.79999997e+00 
 1.05000000e-01  1.79999997e+00 
 1.06000000e-01  1.79999997e+00 
 1.07000000e-01  1.79999997e+00 
 1.08000000e-01  1.79999997e+00 
 1.09000000e-01  1.79999996e+00 
 1.10000000e-01  1.79999996e+00 
 1.11000000e-01  1.79999996e+00 
 1.12000000e-01  1.79999996e+00 
 1.13000000e-01  1.79999996e+00 
 1.14000000e-01  1.79999996e+00 
 1.15000000e-01  1.79999996e+00 
 1.16000000e-01  1.79999996e+00 
 1.17000000e-01  1.79999995e+00 
 1.18000000e-01  1.79999995e+00 
 1.19000000e-01  1.79999995e+00 
 1.20000000e-01  1.79999995e+00 
 1.21000000e-01  1.79999995e+00 
 1.22000000e-01  1.79999995e+00 
 1.23000000e-01  1.79999995e+00 
 1.24000000e-01  1.79999995e+00 
 1.25000000e-01  1.79999994e+00 
 1.26000000e-01  1.79999994e+00 
 1.27000000e-01  1.79999994e+00 
 1.28000000e-01  1.79999994e+00 
 1.29000000e-01  1.79999994e+00 
 1.30000000e-01  1.79999993e+00 
 1.31000000e-01  1.79999993e+00 
 1.32000000e-01  1.79999993e+00 
 1.33000000e-01  1.79999993e+00 
 1.34000000e-01  1.79999993e+00 
 1.35000000e-01  1.79999992e+00 
 1.36000000e-01  1.79999992e+00 
 1.37000000e-01  1.79999992e+00 
 1.38000000e-01  1.79999992e+00 
 1.39000000e-01  1.79999992e+00 
 1.40000000e-01  1.79999991e+00 
 1.41000000e-01  1.79999991e+00 
 1.42000000e-01  1.79999991e+00 
 1.43000000e-01  1.79999991e+00 
 1.44000000e-01  1.79999990e+00 
 1.45000000e-01  1.79999990e+00 
 1.46000000e-01  1.79999990e+00 
 1.47000000e-01  1.79999989e+00 
 1.48000000e-01  1.79999989e+00 
 1.49000000e-01  1.79999989e+00 
 1.50000000e-01  1.79999988e+00 
 1.51000000e-01  1.79999988e+00 
 1.52000000e-01  1.79999988e+00 
 1.53000000e-01  1.79999987e+00 
 1.54000000e-01  1.79999987e+00 
 1.55000000e-01  1.79999987e+00 
 1.56000000e-01  1.79999986e+00 
 1.57000000e-01  1.79999986e+00 
 1.58000000e-01  1.79999985e+00 
 1.59000000e-01  1.79999985e+00 
 1.60000000e-01  1.79999984e+00 
 1.61000000e-01  1.79999984e+00 
 1.62000000e-01  1.79999984e+00 
 1.63000000e-01  1.79999983e+00 
 1.64000000e-01  1.79999983e+00 
 1.65000000e-01  1.79999982e+00 
 1.66000000e-01  1.79999982e+00 
 1.67000000e-01  1.79999981e+00 
 1.68000000e-01  1.79999980e+00 
 1.69000000e-01  1.79999980e+00 
 1.70000000e-01  1.79999979e+00 
 1.71000000e-01  1.79999979e+00 
 1.72000000e-01  1.79999978e+00 
 1.73000000e-01  1.79999977e+00 
 1.74000000e-01  1.79999977e+00 
 1.75000000e-01  1.79999976e+00 
 1.76000000e-01  1.79999975e+00 
 1.77000000e-01  1.79999975e+00 
 1.78000000e-01  1.79999974e+00 
 1.79000000e-01  1.79999973e+00 
 1.80000000e-01  1.79999972e+00 
 1.81000000e-01  1.79999972e+00 
 1.82000000e-01  1.79999971e+00 
 1.83000000e-01  1.79999970e+00 
 1.84000000e-01  1.79999969e+00 
 1.85000000e-01  1.79999968e+00 
 1.86000000e-01  1.79999967e+00 
 1.87000000e-01  1.79999966e+00 
 1.88000000e-01  1.79999965e+00 
 1.89000000e-01  1.79999964e+00 
 1.90000000e-01  1.79999963e+00 
 1.91000000e-01  1.79999962e+00 
 1.92000000e-01  1.79999961e+00 
 1.93000000e-01  1.79999960e+00 
 1.94000000e-01  1.79999959e+00 
 1.95000000e-01  1.79999957e+00 
 1.96000000e-01  1.79999956e+00 
 1.97000000e-01  1.79999955e+00 
 1.98000000e-01  1.79999953e+00 
 1.99000000e-01  1.79999952e+00 
 2.00000000e-01  1.79999951e+00 
 2.01000000e-01  1.79999949e+00 
 2.02000000e-01  1.79999948e+00 
 2.03000000e-01  1.79999946e+00 
 2.04000000e-01  1.79999945e+00 
 2.05000000e-01  1.79999943e+00 
 2.06000000e-01  1.79999941e+00 
 2.07000000e-01  1.79999940e+00 
 2.08000000e-01  1.79999938e+00 
 2.09000000e-01  1.79999936e+00 
 2.10000000e-01  1.79999934e+00 
 2.11000000e-01  1.79999932e+00 
 2.12000000e-01  1.79999930e+00 
 2.13000000e-01  1.79999928e+00 
 2.14000000e-01  1.79999926e+00 
 2.15000000e-01  1.79999924e+00 
 2.16000000e-01  1.79999922e+00 
 2.17000000e-01  1.79999919e+00 
 2.18000000e-01  1.79999917e+00 
 2.19000000e-01  1.79999914e+00 
 2.20000000e-01  1.79999912e+00 
 2.21000000e-01  1.79999909e+00 
 2.22000000e-01  1.79999907e+00 
 2.23000000e-01  1.79999904e+00 
 2.24000000e-01  1.79999901e+00 
 2.25000000e-01  1.79999898e+00 
 2.26000000e-01  1.79999895e+00 
 2.27000000e-01  1.79999892e+00 
 2.28000000e-01  1.79999889e+00 
 2.29000000e-01  1.79999886e+00 
 2.30000000e-01  1.79999882e+00 
 2.31000000e-01  1.79999879e+00 
 2.32000000e-01  1.79999875e+00 
 2.33000000e-01  1.79999872e+00 
 2.34000000e-01  1.79999868e+00 
 2.35000000e-01  1.79999864e+00 
 2.36000000e-01  1.79999860e+00 
 2.37000000e-01  1.79999856e+00 
 2.38000000e-01  1.79999852e+00 
 2.39000000e-01  1.79999848e+00 
 2.40000000e-01  1.79999843e+00 
 2.41000000e-01  1.79999838e+00 
 2.42000000e-01  1.79999834e+00 
 2.43000000e-01  1.79999829e+00 
 2.44000000e-01  1.79999824e+00 
 2.45000000e-01  1.79999819e+00 
 2.46000000e-01  1.79999813e+00 
 2.47000000e-01  1.79999808e+00 
 2.48000000e-01  1.79999802e+00 
 2.49000000e-01  1.79999797e+00 
 2.50000000e-01  1.79999791e+00 
 2.51000000e-01  1.79999784e+00 
 2.52000000e-01  1.79999778e+00 
 2.53000000e-01  1.79999772e+00 
 2.54000000e-01  1.79999765e+00 
 2.55000000e-01  1.79999758e+00 
 2.56000000e-01  1.79999751e+00 
 2.57000000e-01  1.79999744e+00 
 2.58000000e-01  1.79999736e+00 
 2.59000000e-01  1.79999729e+00 
 2.60000000e-01  1.79999721e+00 
 2.61000000e-01  1.79999713e+00 
 2.62000000e-01  1.79999704e+00 
 2.63000000e-01  1.79999696e+00 
 2.64000000e-01  1.79999687e+00 
 2.65000000e-01  1.79999678e+00 
 2.66000000e-01  1.79999668e+00 
 2.67000000e-01  1.79999659e+00 
 2.68000000e-01  1.79999649e+00 
 2.69000000e-01  1.79999638e+00 
 2.70000000e-01  1.79999628e+00 
 2.71000000e-01  1.79999617e+00 
 2.72000000e-01  1.79999606e+00 
 2.73000000e-01  1.79999594e+00 
 2.74000000e-01  1.79999583e+00 
 2.75000000e-01  1.79999570e+00 
 2.76000000e-01  1.79999558e+00 
 2.77000000e-01  1.79999545e+00 
 2.78000000e-01  1.79999532e+00 
 2.79000000e-01  1.79999518e+00 
 2.80000000e-01  1.79999504e+00 
 2.81000000e-01  1.79999490e+00 
 2.82000000e-01  1.79999475e+00 
 2.83000000e-01  1.79999460e+00 
 2.84000000e-01  1.79999444e+00 
 2.85000000e-01  1.79999428e+00 
 2.86000000e-01  1.79999412e+00 
 2.87000000e-01  1.79999395e+00 
 2.88000000e-01  1.79999377e+00 
 2.89000000e-01  1.79999359e+00 
 2.90000000e-01  1.79999340e+00 
 2.91000000e-01  1.79999321e+00 
 2.92000000e-01  1.79999302e+00 
 2.93000000e-01  1.79999282e+00 
 2.94000000e-01  1.79999261e+00 
 2.95000000e-01  1.79999240e+00 
 2.96000000e-01  1.79999218e+00 
 2.97000000e-01  1.79999195e+00 
 2.98000000e-01  1.79999172e+00 
 2.99000000e-01  1.79999148e+00 
 3.00000000e-01  1.79999123e+00 
 3.01000000e-01  1.79999098e+00 
 3.02000000e-01  1.79999072e+00 
 3.03000000e-01  1.79999045e+00 
 3.04000000e-01  1.79999018e+00 
 3.05000000e-01  1.79998990e+00 
 3.06000000e-01  1.79998961e+00 
 3.07000000e-01  1.79998931e+00 
 3.08000000e-01  1.79998900e+00 
 3.09000000e-01  1.79998869e+00 
 3.10000000e-01  1.79998836e+00 
 3.11000000e-01  1.79998803e+00 
 3.12000000e-01  1.79998768e+00 
 3.13000000e-01  1.79998733e+00 
 3.14000000e-01  1.79998697e+00 
 3.15000000e-01  1.79998659e+00 
 3.16000000e-01  1.79998621e+00 
 3.17000000e-01  1.79998582e+00 
 3.18000000e-01  1.79998541e+00 
 3.19000000e-01  1.79998499e+00 
 3.20000000e-01  1.79998457e+00 
 3.21000000e-01  1.79998413e+00 
 3.22000000e-01  1.79998367e+00 
 3.23000000e-01  1.79998321e+00 
 3.24000000e-01  1.79998273e+00 
 3.25000000e-01  1.79998224e+00 
 3.26000000e-01  1.79998173e+00 
 3.27000000e-01  1.79998121e+00 
 3.28000000e-01  1.79998068e+00 
 3.29000000e-01  1.79998013e+00 
 3.30000000e-01  1.79997957e+00 
 3.31000000e-01  1.79997899e+00 
 3.32000000e-01  1.79997839e+00 
 3.33000000e-01  1.79997778e+00 
 3.34000000e-01  1.79997715e+00 
 3.35000000e-01  1.79997650e+00 
 3.36000000e-01  1.79997584e+00 
 3.37000000e-01  1.79997515e+00 
 3.38000000e-01  1.79997445e+00 
 3.39000000e-01  1.79997373e+00 
 3.40000000e-01  1.79997299e+00 
 3.41000000e-01  1.79997223e+00 
 3.42000000e-01  1.79997145e+00 
 3.43000000e-01  1.79997064e+00 
 3.44000000e-01  1.79996982e+00 
 3.45000000e-01  1.79996897e+00 
 3.46000000e-01  1.79996810e+00 
 3.47000000e-01  1.79996720e+00 
 3.48000000e-01  1.79996628e+00 
 3.49000000e-01  1.79996534e+00 
 3.50000000e-01  1.79996437e+00 
 3.51000000e-01  1.79996337e+00 
 3.52000000e-01  1.79996235e+00 
 3.53000000e-01  1.79996129e+00 
 3.54000000e-01  1.79996021e+00 
 3.55000000e-01  1.79995910e+00 
 3.56000000e-01  1.79995796e+00 
 3.57000000e-01  1.79995679e+00 
 3.58000000e-01  1.79995559e+00 
 3.59000000e-01  1.79995436e+00 
 3.60000000e-01  1.79995309e+00 
 3.61000000e-01  1.79995178e+00 
 3.62000000e-01  1.79995045e+00 
 3.63000000e-01  1.79994907e+00 
 3.64000000e-01  1.79994766e+00 
 3.65000000e-01  1.79994622e+00 
 3.66000000e-01  1.79994473e+00 
 3.67000000e-01  1.79994320e+00 
 3.68000000e-01  1.79994164e+00 
 3.69000000e-01  1.79994003e+00 
 3.70000000e-01  1.79993838e+00 
 3.71000000e-01  1.79993668e+00 
 3.72000000e-01  1.79993494e+00 
 3.73000000e-01  1.79993315e+00 
 3.74000000e-01  1.79993132e+00 
 3.75000000e-01  1.79992944e+00 
 3.76000000e-01  1.79992751e+00 
 3.77000000e-01  1.79992552e+00 
 3.78000000e-01  1.79992349e+00 
 3.79000000e-01  1.79992140e+00 
 3.80000000e-01  1.79991925e+00 
 3.81000000e-01  1.79991705e+00 
 3.82000000e-01  1.79991480e+00 
 3.83000000e-01  1.79991248e+00 
 3.84000000e-01  1.79991010e+00 
 3.85000000e-01  1.79990766e+00 
 3.86000000e-01  1.79990516e+00 
 3.87000000e-01  1.79990259e+00 
 3.88000000e-01  1.79989996e+00 
 3.89000000e-01  1.79989726e+00 
 3.90000000e-01  1.79989448e+00 
 3.91000000e-01  1.79989164e+00 
 3.92000000e-01  1.79988872e+00 
 3.93000000e-01  1.79988573e+00 
 3.94000000e-01  1.79988266e+00 
 3.95000000e-01  1.79987951e+00 
 3.96000000e-01  1.79987628e+00 
 3.97000000e-01  1.79987296e+00 
 3.98000000e-01  1.79986957e+00 
 3.99000000e-01  1.79986608e+00 
 4.00000000e-01  1.79986251e+00 
 4.01000000e-01  1.79985884e+00 
 4.02000000e-01  1.79985509e+00 
 4.03000000e-01  1.79985123e+00 
 4.04000000e-01  1.79984728e+00 
 4.05000000e-01  1.79984323e+00 
 4.06000000e-01  1.79983908e+00 
 4.07000000e-01  1.79983482e+00 
 4.08000000e-01  1.79983046e+00 
 4.09000000e-01  1.79982598e+00 
 4.10000000e-01  1.79982139e+00 
 4.11000000e-01  1.79981669e+00 
 4.12000000e-01  1.79981187e+00 
 4.13000000e-01  1.79980693e+00 
 4.14000000e-01  1.79980187e+00 
 4.15000000e-01  1.79979668e+00 
 4.16000000e-01  1.79979136e+00 
 4.17000000e-01  1.79978591e+00 
 4.18000000e-01  1.79978032e+00 
 4.19000000e-01  1.79977460e+00 
 4.20000000e-01  1.79976873e+00 
 4.21000000e-01  1.79976272e+00 
 4.22000000e-01  1.79975657e+00 
 4.23000000e-01  1.79975026e+00 
 4.24000000e-01  1.79974379e+00 
 4.25000000e-01  1.79973717e+00 
 4.26000000e-01  1.79973039e+00 
 4.27000000e-01  1.79972344e+00 
 4.28000000e-01  1.79971632e+00 
 4.29000000e-01  1.79970903e+00 
 4.30000000e-01  1.79970156e+00 
 4.31000000e-01  1.79969391e+00 
 4.32000000e-01  1.79968608e+00 
 4.33000000e-01  1.79967805e+00 
 4.34000000e-01  1.79966984e+00 
 4.35000000e-01  1.79966142e+00 
 4.36000000e-01  1.79965281e+00 
 4.37000000e-01  1.79964399e+00 
 4.38000000e-01  1.79963495e+00 
 4.39000000e-01  1.79962570e+00 
 4.40000000e-01  1.79961623e+00 
 4.41000000e-01  1.79960654e+00 
 4.42000000e-01  1.79959661e+00 
 4.43000000e-01  1.79958645e+00 
 4.44000000e-01  1.79957605e+00 
 4.45000000e-01  1.79956541e+00 
 4.46000000e-01  1.79955451e+00 
 4.47000000e-01  1.79954336e+00 
 4.48000000e-01  1.79953194e+00 
 4.49000000e-01  1.79952026e+00 
 4.50000000e-01  1.79950831e+00 
 4.51000000e-01  1.79949607e+00 
 4.52000000e-01  1.79948356e+00 
 4.53000000e-01  1.79947075e+00 
 4.54000000e-01  1.79945764e+00 
 4.55000000e-01  1.79944423e+00 
 4.56000000e-01  1.79943051e+00 
 4.57000000e-01  1.79941647e+00 
 4.58000000e-01  1.79940212e+00 
 4.59000000e-01  1.79938743e+00 
 4.60000000e-01  1.79937240e+00 
 4.61000000e-01  1.79935703e+00 
 4.62000000e-01  1.79934131e+00 
 4.63000000e-01  1.79932524e+00 
 4.64000000e-01  1.79930879e+00 
 4.65000000e-01  1.79929198e+00 
 4.66000000e-01  1.79927478e+00 
 4.67000000e-01  1.79925720e+00 
 4.68000000e-01  1.79923922e+00 
 4.69000000e-01  1.79922083e+00 
 4.70000000e-01  1.79920204e+00 
 4.71000000e-01  1.79918282e+00 
 4.72000000e-01  1.79916317e+00 
 4.73000000e-01  1.79914309e+00 
 4.74000000e-01  1.79912256e+00 
 4.75000000e-01  1.79910157e+00 
 4.76000000e-01  1.79908012e+00 
 4.77000000e-01  1.79905820e+00 
 4.78000000e-01  1.79903579e+00 
 4.79000000e-01  1.79901289e+00 
 4.80000000e-01  1.79898949e+00 
 4.81000000e-01  1.79896557e+00 
 4.82000000e-01  1.79894114e+00 
 4.83000000e-01  1.79891617e+00 
 4.84000000e-01  1.79889066e+00 
 4.85000000e-01  1.79886460e+00 
 4.86000000e-01  1.79883798e+00 
 4.87000000e-01  1.79881078e+00 
 4.88000000e-01  1.79878300e+00 
 4.89000000e-01  1.79875462e+00 
 4.90000000e-01  1.79872564e+00 
 4.91000000e-01  1.79869603e+00 
 4.92000000e-01  1.79866580e+00 
 4.93000000e-01  1.79863493e+00 
 4.94000000e-01  1.79860340e+00 
 4.95000000e-01  1.79857121e+00 
 4.96000000e-01  1.79853834e+00 
 4.97000000e-01  1.79850478e+00 
 4.98000000e-01  1.79847052e+00 
 4.99000000e-01  1.79843555e+00 
 5.00000000e-01  1.79839984e+00 
 5.01000000e-01  1.79836340e+00 
 5.02000000e-01  1.79832620e+00 
 5.03000000e-01  1.79828823e+00 
 5.04000000e-01  1.79824949e+00 
 5.05000000e-01  1.79820995e+00 
 5.06000000e-01  1.79816960e+00 
 5.07000000e-01  1.79812843e+00 
 5.08000000e-01  1.79808642e+00 
 5.09000000e-01  1.79804356e+00 
 5.10000000e-01  1.79799984e+00 
 5.11000000e-01  1.79795523e+00 
 5.12000000e-01  1.79790973e+00 
 5.13000000e-01  1.79786333e+00 
 5.14000000e-01  1.79781599e+00 
 5.15000000e-01  1.79776772e+00 
 5.16000000e-01  1.79771849e+00 
 5.17000000e-01  1.79766829e+00 
 5.18000000e-01  1.79761710e+00 
 5.19000000e-01  1.79756491e+00 
 5.20000000e-01  1.79751170e+00 
 5.21000000e-01  1.79745745e+00 
 5.22000000e-01  1.79740215e+00 
 5.23000000e-01  1.79734578e+00 
 5.24000000e-01  1.79728833e+00 
 5.25000000e-01  1.79722977e+00 
 5.26000000e-01  1.79717010e+00 
 5.27000000e-01  1.79710928e+00 
 5.28000000e-01  1.79704732e+00 
 5.29000000e-01  1.79698418e+00 
 5.30000000e-01  1.79691985e+00 
 5.31000000e-01  1.79685431e+00 
 5.32000000e-01  1.79678755e+00 
 5.33000000e-01  1.79671955e+00 
 5.34000000e-01  1.79665028e+00 
 5.35000000e-01  1.79657974e+00 
 5.36000000e-01  1.79650789e+00 
 5.37000000e-01  1.79643473e+00 
 5.38000000e-01  1.79636023e+00 
 5.39000000e-01  1.79628438e+00 
 5.40000000e-01  1.79620716e+00 
 5.41000000e-01  1.79612854e+00 
 5.42000000e-01  1.79604851e+00 
 5.43000000e-01  1.79596704e+00 
 5.44000000e-01  1.79588413e+00 
 5.45000000e-01  1.79579974e+00 
 5.46000000e-01  1.79571386e+00 
 5.47000000e-01  1.79562648e+00 
 5.48000000e-01  1.79553756e+00 
 5.49000000e-01  1.79544709e+00 
 5.50000000e-01  1.79535505e+00 
 5.51000000e-01  1.79526142e+00 
 5.52000000e-01  1.79516618e+00 
 5.53000000e-01  1.79506930e+00 
 5.54000000e-01  1.79497078e+00 
 5.55000000e-01  1.79487058e+00 
 5.56000000e-01  1.79476868e+00 
 5.57000000e-01  1.79466507e+00 
 5.58000000e-01  1.79455972e+00 
 5.59000000e-01  1.79445262e+00 
 5.60000000e-01  1.79434374e+00 
 5.61000000e-01  1.79423306e+00 
 5.62000000e-01  1.79412055e+00 
 5.63000000e-01  1.79400621e+00 
 5.64000000e-01  1.79389000e+00 
 5.65000000e-01  1.79377190e+00 
 5.66000000e-01  1.79365190e+00 
 5.67000000e-01  1.79352997e+00 
 5.68000000e-01  1.79340609e+00 
 5.69000000e-01  1.79328024e+00 
 5.70000000e-01  1.79315239e+00 
 5.71000000e-01  1.79302252e+00 
 5.72000000e-01  1.79289062e+00 
 5.73000000e-01  1.79275666e+00 
 5.74000000e-01  1.79262061e+00 
 5.75000000e-01  1.79248246e+00 
 5.76000000e-01  1.79234219e+00 
 5.77000000e-01  1.79219976e+00 
 5.78000000e-01  1.79205516e+00 
 5.79000000e-01  1.79190837e+00 
 5.80000000e-01  1.79175936e+00 
 5.81000000e-01  1.79160811e+00 
 5.82000000e-01  1.79145460e+00 
 5.83000000e-01  1.79129881e+00 
 5.84000000e-01  1.79114071e+00 
 5.85000000e-01  1.79098027e+00 
 5.86000000e-01  1.79081749e+00 
 5.87000000e-01  1.79065233e+00 
 5.88000000e-01  1.79048477e+00 
 5.89000000e-01  1.79031479e+00 
 5.90000000e-01  1.79014236e+00 
 5.91000000e-01  1.78996747e+00 
 5.92000000e-01  1.78979009e+00 
 5.93000000e-01  1.78961019e+00 
 5.94000000e-01  1.78942776e+00 
 5.95000000e-01  1.78924276e+00 
 5.96000000e-01  1.78905518e+00 
 5.97000000e-01  1.78886500e+00 
 5.98000000e-01  1.78867218e+00 
 5.99000000e-01  1.78847671e+00 
 6.00000000e-01  1.78827856e+00 
 6.01000000e-01  1.78807771e+00 
 6.02000000e-01  1.78787414e+00 
 6.03000000e-01  1.78766782e+00 
 6.04000000e-01  1.78745872e+00 
 6.05000000e-01  1.78724683e+00 
 6.06000000e-01  1.78703212e+00 
 6.07000000e-01  1.78681457e+00 
 6.08000000e-01  1.78659414e+00 
 6.09000000e-01  1.78637083e+00 
 6.10000000e-01  1.78614460e+00 
 6.11000000e-01  1.78591543e+00 
 6.12000000e-01  1.78568329e+00 
 6.13000000e-01  1.78544817e+00 
 6.14000000e-01  1.78521003e+00 
 6.15000000e-01  1.78496885e+00 
 6.16000000e-01  1.78472461e+00 
 6.17000000e-01  1.78447729e+00 
 6.18000000e-01  1.78422685e+00 
 6.19000000e-01  1.78397327e+00 
 6.20000000e-01  1.78371653e+00 
 6.21000000e-01  1.78345660e+00 
 6.22000000e-01  1.78319346e+00 
 6.23000000e-01  1.78292708e+00 
 6.24000000e-01  1.78265744e+00 
 6.25000000e-01  1.78238451e+00 
 6.26000000e-01  1.78210826e+00 
 6.27000000e-01  1.78182868e+00 
 6.28000000e-01  1.78154572e+00 
 6.29000000e-01  1.78125938e+00 
 6.30000000e-01  1.78096961e+00 
 6.31000000e-01  1.78067640e+00 
 6.32000000e-01  1.78037972e+00 
 6.33000000e-01  1.78007954e+00 
 6.34000000e-01  1.77977584e+00 
 6.35000000e-01  1.77946858e+00 
 6.36000000e-01  1.77915774e+00 
 6.37000000e-01  1.77884330e+00 
 6.38000000e-01  1.77852522e+00 
 6.39000000e-01  1.77820348e+00 
 6.40000000e-01  1.77787805e+00 
 6.41000000e-01  1.77754890e+00 
 6.42000000e-01  1.77721600e+00 
 6.43000000e-01  1.77687934e+00 
 6.44000000e-01  1.77653886e+00 
 6.45000000e-01  1.77619456e+00 
 6.46000000e-01  1.77584640e+00 
 6.47000000e-01  1.77549434e+00 
 6.48000000e-01  1.77513837e+00 
 6.49000000e-01  1.77477844e+00 
 6.50000000e-01  1.77441454e+00 
 6.51000000e-01  1.77404662e+00 
 6.52000000e-01  1.77367467e+00 
 6.53000000e-01  1.77329864e+00 
 6.54000000e-01  1.77291851e+00 
 6.55000000e-01  1.77253425e+00 
 6.56000000e-01  1.77214582e+00 
 6.57000000e-01  1.77175319e+00 
 6.58000000e-01  1.77135633e+00 
 6.59000000e-01  1.77095522e+00 
 6.60000000e-01  1.77054980e+00 
 6.61000000e-01  1.77014006e+00 
 6.62000000e-01  1.76972595e+00 
 6.63000000e-01  1.76930745e+00 
 6.64000000e-01  1.76888452e+00 
 6.65000000e-01  1.76845713e+00 
 6.66000000e-01  1.76802523e+00 
 6.67000000e-01  1.76758880e+00 
 6.68000000e-01  1.76714780e+00 
 6.69000000e-01  1.76670219e+00 
 6.70000000e-01  1.76625194e+00 
 6.71000000e-01  1.76579701e+00 
 6.72000000e-01  1.76533736e+00 
 6.73000000e-01  1.76487296e+00 
 6.74000000e-01  1.76440376e+00 
 6.75000000e-01  1.76392973e+00 
 6.76000000e-01  1.76345082e+00 
 6.77000000e-01  1.76296701e+00 
 6.78000000e-01  1.76247824e+00 
 6.79000000e-01  1.76198449e+00 
 6.80000000e-01  1.76148569e+00 
 6.81000000e-01  1.76098183e+00 
 6.82000000e-01  1.76047284e+00 
 6.83000000e-01  1.75995870e+00 
 6.84000000e-01  1.75943935e+00 
 6.85000000e-01  1.75891476e+00 
 6.86000000e-01  1.75838488e+00 
 6.87000000e-01  1.75784966e+00 
 6.88000000e-01  1.75730905e+00 
 6.89000000e-01  1.75676302e+00 
 6.90000000e-01  1.75621151e+00 
 6.91000000e-01  1.75565449e+00 
 6.92000000e-01  1.75509189e+00 
 6.93000000e-01  1.75452367e+00 
 6.94000000e-01  1.75394978e+00 
 6.95000000e-01  1.75337017e+00 
 6.96000000e-01  1.75278479e+00 
 6.97000000e-01  1.75219358e+00 
 6.98000000e-01  1.75159651e+00 
 6.99000000e-01  1.75099350e+00 
 7.00000000e-01  1.75038451e+00 
 7.01000000e-01  1.74976949e+00 
 7.02000000e-01  1.74914837e+00 
 7.03000000e-01  1.74852110e+00 
 7.04000000e-01  1.74788763e+00 
 7.05000000e-01  1.74724789e+00 
 7.06000000e-01  1.74660182e+00 
 7.07000000e-01  1.74594937e+00 
 7.08000000e-01  1.74529048e+00 
 7.09000000e-01  1.74462507e+00 
 7.10000000e-01  1.74395310e+00 
 7.11000000e-01  1.74327449e+00 
 7.12000000e-01  1.74258918e+00 
 7.13000000e-01  1.74189711e+00 
 7.14000000e-01  1.74119820e+00 
 7.15000000e-01  1.74049238e+00 
 7.16000000e-01  1.73977960e+00 
 7.17000000e-01  1.73905977e+00 
 7.18000000e-01  1.73833283e+00 
 7.19000000e-01  1.73759871e+00 
 7.20000000e-01  1.73685732e+00 
 7.21000000e-01  1.73610859e+00 
 7.22000000e-01  1.73535244e+00 
 7.23000000e-01  1.73458881e+00 
 7.24000000e-01  1.73381760e+00 
 7.25000000e-01  1.73303874e+00 
 7.26000000e-01  1.73225214e+00 
 7.27000000e-01  1.73145772e+00 
 7.28000000e-01  1.73065539e+00 
 7.29000000e-01  1.72984507e+00 
 7.30000000e-01  1.72902666e+00 
 7.31000000e-01  1.72820009e+00 
 7.32000000e-01  1.72736524e+00 
 7.33000000e-01  1.72652204e+00 
 7.34000000e-01  1.72567038e+00 
 7.35000000e-01  1.72481017e+00 
 7.36000000e-01  1.72394131e+00 
 7.37000000e-01  1.72306369e+00 
 7.38000000e-01  1.72217722e+00 
 7.39000000e-01  1.72128178e+00 
 7.40000000e-01  1.72037727e+00 
 7.41000000e-01  1.71946359e+00 
 7.42000000e-01  1.71854061e+00 
 7.43000000e-01  1.71760822e+00 
 7.44000000e-01  1.71666632e+00 
 7.45000000e-01  1.71571477e+00 
 7.46000000e-01  1.71475346e+00 
 7.47000000e-01  1.71378226e+00 
 7.48000000e-01  1.71280105e+00 
 7.49000000e-01  1.71180969e+00 
 7.50000000e-01  1.71080807e+00 
 7.51000000e-01  1.70979603e+00 
 7.52000000e-01  1.70877344e+00 
 7.53000000e-01  1.70774017e+00 
 7.54000000e-01  1.70669606e+00 
 7.55000000e-01  1.70564097e+00 
 7.56000000e-01  1.70457475e+00 
 7.57000000e-01  1.70349725e+00 
 7.58000000e-01  1.70240830e+00 
 7.59000000e-01  1.70130775e+00 
 7.60000000e-01  1.70019544e+00 
 7.61000000e-01  1.69907118e+00 
 7.62000000e-01  1.69793482e+00 
 7.63000000e-01  1.69678616e+00 
 7.64000000e-01  1.69562504e+00 
 7.65000000e-01  1.69445127e+00 
 7.66000000e-01  1.69326465e+00 
 7.67000000e-01  1.69206498e+00 
 7.68000000e-01  1.69085208e+00 
 7.69000000e-01  1.68962574e+00 
 7.70000000e-01  1.68838574e+00 
 7.71000000e-01  1.68713187e+00 
 7.72000000e-01  1.68586391e+00 
 7.73000000e-01  1.68458163e+00 
 7.74000000e-01  1.68328480e+00 
 7.75000000e-01  1.68197318e+00 
 7.76000000e-01  1.68064652e+00 
 7.77000000e-01  1.67930458e+00 
 7.78000000e-01  1.67794709e+00 
 7.79000000e-01  1.67657379e+00 
 7.80000000e-01  1.67518440e+00 
 7.81000000e-01  1.67377864e+00 
 7.82000000e-01  1.67235623e+00 
 7.83000000e-01  1.67091687e+00 
 7.84000000e-01  1.66946025e+00 
 7.85000000e-01  1.66798605e+00 
 7.86000000e-01  1.66649396e+00 
 7.87000000e-01  1.66498364e+00 
 7.88000000e-01  1.66345475e+00 
 7.89000000e-01  1.66190693e+00 
 7.90000000e-01  1.66033983e+00 
 7.91000000e-01  1.65875307e+00 
 7.92000000e-01  1.65714625e+00 
 7.93000000e-01  1.65551900e+00 
 7.94000000e-01  1.65387089e+00 
 7.95000000e-01  1.65220150e+00 
 7.96000000e-01  1.65051040e+00 
 7.97000000e-01  1.64879715e+00 
 7.98000000e-01  1.64706127e+00 
 7.99000000e-01  1.64530230e+00 
 8.00000000e-01  1.64351974e+00 
 8.01000000e-01  1.64171308e+00 
 8.02000000e-01  1.63988180e+00 
 8.03000000e-01  1.63802537e+00 
 8.04000000e-01  1.63614322e+00 
 8.05000000e-01  1.63423479e+00 
 8.06000000e-01  1.63229948e+00 
 8.07000000e-01  1.63033668e+00 
 8.08000000e-01  1.62834576e+00 
 8.09000000e-01  1.62632609e+00 
 8.10000000e-01  1.62427697e+00 
 8.11000000e-01  1.62219774e+00 
 8.12000000e-01  1.62008767e+00 
 8.13000000e-01  1.61794603e+00 
 8.14000000e-01  1.61577207e+00 
 8.15000000e-01  1.61356501e+00 
 8.16000000e-01  1.61132404e+00 
 8.17000000e-01  1.60904834e+00 
 8.18000000e-01  1.60673705e+00 
 8.19000000e-01  1.60438928e+00 
 8.20000000e-01  1.60200412e+00 
 8.21000000e-01  1.59958064e+00 
 8.22000000e-01  1.59711785e+00 
 8.23000000e-01  1.59461475e+00 
 8.24000000e-01  1.59207030e+00 
 8.25000000e-01  1.58948340e+00 
 8.26000000e-01  1.58685293e+00 
 8.27000000e-01  1.58417773e+00 
 8.28000000e-01  1.58145657e+00 
 8.29000000e-01  1.57868818e+00 
 8.30000000e-01  1.57587122e+00 
 8.31000000e-01  1.57300432e+00 
 8.32000000e-01  1.57008600e+00 
 8.33000000e-01  1.56711475e+00 
 8.34000000e-01  1.56408893e+00 
 8.35000000e-01  1.56100687e+00 
 8.36000000e-01  1.55786676e+00 
 8.37000000e-01  1.55466672e+00 
 8.38000000e-01  1.55140475e+00 
 8.39000000e-01  1.54807872e+00 
 8.40000000e-01  1.54468638e+00 
 8.41000000e-01  1.54122537e+00 
 8.42000000e-01  1.53769313e+00 
 8.43000000e-01  1.53408699e+00 
 8.44000000e-01  1.53040407e+00 
 8.45000000e-01  1.52664133e+00 
 8.46000000e-01  1.52279550e+00 
 8.47000000e-01  1.51886312e+00 
 8.48000000e-01  1.51484048e+00 
 8.49000000e-01  1.51072362e+00 
 8.50000000e-01  1.50650830e+00 
 8.51000000e-01  1.50219000e+00 
 8.52000000e-01  1.49776384e+00 
 8.53000000e-01  1.49322464e+00 
 8.54000000e-01  1.48856680e+00 
 8.55000000e-01  1.48378433e+00 
 8.56000000e-01  1.47887080e+00 
 8.57000000e-01  1.47381928e+00 
 8.58000000e-01  1.46862234e+00 
 8.59000000e-01  1.46327197e+00 
 8.60000000e-01  1.45775958e+00 
 8.61000000e-01  1.45207589e+00 
 8.62000000e-01  1.44621094e+00 
 8.63000000e-01  1.44015402e+00 
 8.64000000e-01  1.43389362e+00 
 8.65000000e-01  1.42741738e+00 
 8.66000000e-01  1.42071207e+00 
 8.67000000e-01  1.41376352e+00 
 8.68000000e-01  1.40655664e+00 
 8.69000000e-01  1.39907540e+00 
 8.70000000e-01  1.39130286e+00 
 8.71000000e-01  1.38322120e+00 
 8.72000000e-01  1.37481183e+00 
 8.73000000e-01  1.36605558e+00 
 8.74000000e-01  1.35693284e+00 
 8.75000000e-01  1.34742388e+00 
 8.76000000e-01  1.33750925e+00 
 8.77000000e-01  1.32717016e+00 
 8.78000000e-01  1.31638910e+00 
 8.79000000e-01  1.30515038e+00 
 8.80000000e-01  1.29344084e+00 
 8.81000000e-01  1.28125048e+00 
 8.82000000e-01  1.26857311e+00 
 8.83000000e-01  1.25540691e+00 
 8.84000000e-01  1.24175479e+00 
 8.85000000e-01  1.22762458e+00 
 8.86000000e-01  1.21302903e+00 
 8.87000000e-01  1.19798549e+00 
 8.88000000e-01  1.18251542e+00 
 8.89000000e-01  1.16664373e+00 
 8.90000000e-01  1.15039799e+00 
 8.91000000e-01  1.13380760e+00 
 8.92000000e-01  1.11690301e+00 
 8.93000000e-01  1.09971493e+00 
 8.94000000e-01  1.08227380e+00 
 8.95000000e-01  1.06460922e+00 
 8.96000000e-01  1.04674965e+00 
 8.97000000e-01  1.02872214e+00 
 8.98000000e-01  1.01055221e+00 
 8.99000000e-01  9.92263830e-01 
 9.00000000e-01  9.73879430e-01 
 9.01000000e-01  9.55419976e-01 
 9.02000000e-01  9.36905092e-01 
 9.03000000e-01  9.18353190e-01 
 9.04000000e-01  8.99781612e-01 
 9.05000000e-01  8.81206788e-01 
 9.06000000e-01  8.62644380e-01 
 9.07000000e-01  8.44109433e-01 
 9.08000000e-01  8.25616512e-01 
 9.09000000e-01  8.07179844e-01 
 9.10000000e-01  7.88813441e-01 
 9.11000000e-01  7.70531226e-01 
 9.12000000e-01  7.52347147e-01 
 9.13000000e-01  7.34275285e-01 
 9.14000000e-01  7.16329963e-01 
 9.15000000e-01  6.98525838e-01 
 9.16000000e-01  6.80877995e-01 
 9.17000000e-01  6.63402033e-01 
 9.18000000e-01  6.46114141e-01 
 9.19000000e-01  6.29031162e-01 
 9.20000000e-01  6.12170651e-01 
 9.21000000e-01  5.95550911e-01 
 9.22000000e-01  5.79191012e-01 
 9.23000000e-01  5.63110780e-01 
 9.24000000e-01  5.47330756e-01 
 9.25000000e-01  5.31872110e-01 
 9.26000000e-01  5.16756509e-01 
 9.27000000e-01  5.02005918e-01 
 9.28000000e-01  4.87642334e-01 
 9.29000000e-01  4.73687445e-01 
 9.30000000e-01  4.60162205e-01 
 9.31000000e-01  4.47086328e-01 
 9.32000000e-01  4.34477713e-01 
 9.33000000e-01  4.22351826e-01 
 9.34000000e-01  4.10721064e-01 
 9.35000000e-01  3.99594147e-01 
 9.36000000e-01  3.88975603e-01 
 9.37000000e-01  3.78865391e-01 
 9.38000000e-01  3.69258722e-01 
 9.39000000e-01  3.60146107e-01 
 9.40000000e-01  3.51513648e-01 
 9.41000000e-01  3.43343546e-01 
 9.42000000e-01  3.35614789e-01 
 9.43000000e-01  3.28303951e-01 
 9.44000000e-01  3.21386022e-01 
 9.45000000e-01  3.14835216e-01 
 9.46000000e-01  3.08625687e-01 
 9.47000000e-01  3.02732123e-01 
 9.48000000e-01  2.97130210e-01 
 9.49000000e-01  2.91796955e-01 
 9.50000000e-01  2.86710885e-01 
 9.51000000e-01  2.81852157e-01 
 9.52000000e-01  2.77202571e-01 
 9.53000000e-01  2.72745540e-01 
 9.54000000e-01  2.68466014e-01 
 9.55000000e-01  2.64350373e-01 
 9.56000000e-01  2.60386325e-01 
 9.57000000e-01  2.56562781e-01 
 9.58000000e-01  2.52869742e-01 
 9.59000000e-01  2.49298190e-01 
 9.60000000e-01  2.45839982e-01 
 9.61000000e-01  2.42487762e-01 
 9.62000000e-01  2.39234868e-01 
 9.63000000e-01  2.36075261e-01 
 9.64000000e-01  2.33003454e-01 
 9.65000000e-01  2.30014454e-01 
 9.66000000e-01  2.27103705e-01 
 9.67000000e-01  2.24267043e-01 
 9.68000000e-01  2.21500652e-01 
 9.69000000e-01  2.18801029e-01 
 9.70000000e-01  2.16164953e-01 
 9.71000000e-01  2.13589451e-01 
 9.72000000e-01  2.11071777e-01 
 9.73000000e-01  2.08609387e-01 
 9.74000000e-01  2.06199921e-01 
 9.75000000e-01  2.03841184e-01 
 9.76000000e-01  2.01531131e-01 
 9.77000000e-01  1.99267852e-01 
 9.78000000e-01  1.97049561e-01 
 9.79000000e-01  1.94874582e-01 
 9.80000000e-01  1.92741343e-01 
 9.81000000e-01  1.90648363e-01 
 9.82000000e-01  1.88594248e-01 
 9.83000000e-01  1.86577681e-01 
 9.84000000e-01  1.84597415e-01 
 9.85000000e-01  1.82652270e-01 
 9.86000000e-01  1.80741128e-01 
 9.87000000e-01  1.78862923e-01 
 9.88000000e-01  1.77016643e-01 
 9.89000000e-01  1.75201323e-01 
 9.90000000e-01  1.73416044e-01 
 9.91000000e-01  1.71659925e-01 
 9.92000000e-01  1.69932128e-01 
 9.93000000e-01  1.68231846e-01 
 9.94000000e-01  1.66558310e-01 
 9.95000000e-01  1.64910781e-01 
 9.96000000e-01  1.63288550e-01 
 9.97000000e-01  1.61690936e-01 
 9.98000000e-01  1.60117286e-01 
 9.99000000e-01  1.58566970e-01 
 1.00000000e+00  1.57039385e-01 
 1.00100000e+00  1.55533946e-01 
 1.00200000e+00  1.54050096e-01 
 1.00300000e+00  1.52587293e-01 
 1.00400000e+00  1.51145017e-01 
 1.00500000e+00  1.49722767e-01 
 1.00600000e+00  1.48320060e-01 
 1.00700000e+00  1.46936428e-01 
 1.00800000e+00  1.45571423e-01 
 1.00900000e+00  1.44224608e-01 
 1.01000000e+00  1.42895565e-01 
 1.01100000e+00  1.41583889e-01 
 1.01200000e+00  1.40289187e-01 
 1.01300000e+00  1.39011083e-01 
 1.01400000e+00  1.37749209e-01 
 1.01500000e+00  1.36503212e-01 
 1.01600000e+00  1.35272751e-01 
 1.01700000e+00  1.34057493e-01 
 1.01800000e+00  1.32857120e-01 
 1.01900000e+00  1.31671320e-01 
 1.02000000e+00  1.30499794e-01 
 1.02100000e+00  1.29342250e-01 
 1.02200000e+00  1.28198408e-01 
 1.02300000e+00  1.27067993e-01 
 1.02400000e+00  1.25950741e-01 
 1.02500000e+00  1.24846396e-01 
 1.02600000e+00  1.23754707e-01 
 1.02700000e+00  1.22675435e-01 
 1.02800000e+00  1.21608344e-01 
 1.02900000e+00  1.20553206e-01 
 1.03000000e+00  1.19509801e-01 
 1.03100000e+00  1.18477914e-01 
 1.03200000e+00  1.17457336e-01 
 1.03300000e+00  1.16447865e-01 
 1.03400000e+00  1.15449303e-01 
 1.03500000e+00  1.14461459e-01 
 1.03600000e+00  1.13484146e-01 
 1.03700000e+00  1.12517183e-01 
 1.03800000e+00  1.11560394e-01 
 1.03900000e+00  1.10613607e-01 
 1.04000000e+00  1.09676654e-01 
 1.04100000e+00  1.08749373e-01 
 1.04200000e+00  1.07831605e-01 
 1.04300000e+00  1.06923196e-01 
 1.04400000e+00  1.06023994e-01 
 1.04500000e+00  1.05133854e-01 
 1.04600000e+00  1.04252631e-01 
 1.04700000e+00  1.03380186e-01 
 1.04800000e+00  1.02516383e-01 
 1.04900000e+00  1.01661089e-01 
 1.05000000e+00  1.00814175e-01 
 1.05100000e+00  9.99755126e-02 
 1.05200000e+00  9.91449796e-02 
 1.05300000e+00  9.83224548e-02 
 1.05400000e+00  9.75078204e-02 
 1.05500000e+00  9.67009611e-02 
 1.05600000e+00  9.59017643e-02 
 1.05700000e+00  9.51101201e-02 
 1.05800000e+00  9.43259208e-02 
 1.05900000e+00  9.35490613e-02 
 1.06000000e+00  9.27794387e-02 
 1.06100000e+00  9.20169525e-02 
 1.06200000e+00  9.12615042e-02 
 1.06300000e+00  9.05129976e-02 
 1.06400000e+00  8.97713384e-02 
 1.06500000e+00  8.90364344e-02 
 1.06600000e+00  8.83081953e-02 
 1.06700000e+00  8.75865327e-02 
 1.06800000e+00  8.68713599e-02 
 1.06900000e+00  8.61625922e-02 
 1.07000000e+00  8.54601466e-02 
 1.07100000e+00  8.47639414e-02 
 1.07200000e+00  8.40738971e-02 
 1.07300000e+00  8.33899354e-02 
 1.07400000e+00  8.27119797e-02 
 1.07500000e+00  8.20399547e-02 
 1.07600000e+00  8.13737869e-02 
 1.07700000e+00  8.07134040e-02 
 1.07800000e+00  8.00587350e-02 
 1.07900000e+00  7.94097105e-02 
 1.08000000e+00  7.87662621e-02 
 1.08100000e+00  7.81283231e-02 
 1.08200000e+00  7.74958276e-02 
 1.08300000e+00  7.68687111e-02 
 1.08400000e+00  7.62469105e-02 
 1.08500000e+00  7.56303634e-02 
 1.08600000e+00  7.50190089e-02 
 1.08700000e+00  7.44127870e-02 
 1.08800000e+00  7.38116389e-02 
 1.08900000e+00  7.32155066e-02 
 1.09000000e+00  7.26243335e-02 
 1.09100000e+00  7.20380637e-02 
 1.09200000e+00  7.14566423e-02 
 1.09300000e+00  7.08800153e-02 
 1.09400000e+00  7.03081299e-02 
 1.09500000e+00  6.97409339e-02 
 1.09600000e+00  6.91783761e-02 
 1.09700000e+00  6.86204061e-02 
 1.09800000e+00  6.80669744e-02 
 1.09900000e+00  6.75180324e-02 
 1.10000000e+00  6.69735320e-02 
 1.10100000e+00  6.64334262e-02 
 1.10200000e+00  6.58976687e-02 
 1.10300000e+00  6.53662138e-02 
 1.10400000e+00  6.48390166e-02 
 1.10500000e+00  6.43160330e-02 
 1.10600000e+00  6.37972195e-02 
 1.10700000e+00  6.32825333e-02 
 1.10800000e+00  6.27719323e-02 
 1.10900000e+00  6.22653750e-02 
 1.11000000e+00  6.17628206e-02 
 1.11100000e+00  6.12642289e-02 
 1.11200000e+00  6.07695604e-02 
 1.11300000e+00  6.02787759e-02 
 1.11400000e+00  5.97918371e-02 
 1.11500000e+00  5.93087063e-02 
 1.11600000e+00  5.88293460e-02 
 1.11700000e+00  5.83537196e-02 
 1.11800000e+00  5.78817910e-02 
 1.11900000e+00  5.74135244e-02 
 1.12000000e+00  5.69488847e-02 
 1.12100000e+00  5.64878373e-02 
 1.12200000e+00  5.60303481e-02 
 1.12300000e+00  5.55763834e-02 
 1.12400000e+00  5.51259101e-02 
 1.12500000e+00  5.46788954e-02 
 1.12600000e+00  5.42353072e-02 
 1.12700000e+00  5.37951135e-02 
 1.12800000e+00  5.33582831e-02 
 1.12900000e+00  5.29247851e-02 
 1.13000000e+00  5.24945890e-02 
 1.13100000e+00  5.20676646e-02 
 1.13200000e+00  5.16439823e-02 
 1.13300000e+00  5.12235128e-02 
 1.13400000e+00  5.08062273e-02 
 1.13500000e+00  5.03920972e-02 
 1.13600000e+00  4.99810945e-02 
 1.13700000e+00  4.95731913e-02 
 1.13800000e+00  4.91683603e-02 
 1.13900000e+00  4.87665745e-02 
 1.14000000e+00  4.83678072e-02 
 1.14100000e+00  4.79720320e-02 
 1.14200000e+00  4.75792230e-02 
 1.14300000e+00  4.71893545e-02 
 1.14400000e+00  4.68024011e-02 
 1.14500000e+00  4.64183379e-02 
 1.14600000e+00  4.60371402e-02 
 1.14700000e+00  4.56587834e-02 
 1.14800000e+00  4.52832437e-02 
 1.14900000e+00  4.49104971e-02 
 1.15000000e+00  4.45405201e-02 
 1.15100000e+00  4.41732897e-02 
 1.15200000e+00  4.38087827e-02 
 1.15300000e+00  4.34469766e-02 
 1.15400000e+00  4.30878490e-02 
 1.15500000e+00  4.27313778e-02 
 1.15600000e+00  4.23775412e-02 
 1.15700000e+00  4.20263175e-02 
 1.15800000e+00  4.16776854e-02 
 1.15900000e+00  4.13316239e-02 
 1.16000000e+00  4.09881120e-02 
 1.16100000e+00  4.06471294e-02 
 1.16200000e+00  4.03086555e-02 
 1.16300000e+00  3.99726702e-02 
 1.16400000e+00  3.96391538e-02 
 1.16500000e+00  3.93080864e-02 
 1.16600000e+00  3.89794488e-02 
 1.16700000e+00  3.86532217e-02 
 1.16800000e+00  3.83293860e-02 
 1.16900000e+00  3.80079231e-02 
 1.17000000e+00  3.76888143e-02 
 1.17100000e+00  3.73720412e-02 
 1.17200000e+00  3.70575858e-02 
 1.17300000e+00  3.67454300e-02 
 1.17400000e+00  3.64355561e-02 
 1.17500000e+00  3.61279466e-02 
 1.17600000e+00  3.58225840e-02 
 1.17700000e+00  3.55194511e-02 
 1.17800000e+00  3.52185310e-02 
 1.17900000e+00  3.49198068e-02 
 1.18000000e+00  3.46232619e-02 
 1.18100000e+00  3.43288799e-02 
 1.18200000e+00  3.40366444e-02 
 1.18300000e+00  3.37465393e-02 
 1.18400000e+00  3.34585486e-02 
 1.18500000e+00  3.31726567e-02 
 1.18600000e+00  3.28888479e-02 
 1.18700000e+00  3.26071067e-02 
 1.18800000e+00  3.23274179e-02 
 1.18900000e+00  3.20497663e-02 
 1.19000000e+00  3.17741369e-02 
 1.19100000e+00  3.15005149e-02 
 1.19200000e+00  3.12288856e-02 
 1.19300000e+00  3.09592346e-02 
 1.19400000e+00  3.06915474e-02 
 1.19500000e+00  3.04258098e-02 
 1.19600000e+00  3.01620077e-02 
 1.19700000e+00  2.99001272e-02 
 1.19800000e+00  2.96401545e-02 
 1.19900000e+00  2.93820759e-02 
 1.20000000e+00  2.91258778e-02 
 1.20100000e+00  2.88715468e-02 
 1.20200000e+00  2.86190698e-02 
 1.20300000e+00  2.83684335e-02 
 1.20400000e+00  2.81196249e-02 
 1.20500000e+00  2.78726312e-02 
 1.20600000e+00  2.76274396e-02 
 1.20700000e+00  2.73840374e-02 
 1.20800000e+00  2.71424122e-02 
 1.20900000e+00  2.69025515e-02 
 1.21000000e+00  2.66644431e-02 
 1.21100000e+00  2.64280748e-02 
 1.21200000e+00  2.61934346e-02 
 1.21300000e+00  2.59605105e-02 
 1.21400000e+00  2.57292907e-02 
 1.21500000e+00  2.54997636e-02 
 1.21600000e+00  2.52719174e-02 
 1.21700000e+00  2.50457409e-02 
 1.21800000e+00  2.48212225e-02 
 1.21900000e+00  2.45983509e-02 
 1.22000000e+00  2.43771151e-02 
 1.22100000e+00  2.41575040e-02 
 1.22200000e+00  2.39395065e-02 
 1.22300000e+00  2.37231119e-02 
 1.22400000e+00  2.35083093e-02 
 1.22500000e+00  2.32950881e-02 
 1.22600000e+00  2.30834378e-02 
 1.22700000e+00  2.28733478e-02 
 1.22800000e+00  2.26648078e-02 
 1.22900000e+00  2.24578075e-02 
 1.23000000e+00  2.22523367e-02 
 1.23100000e+00  2.20483853e-02 
 1.23200000e+00  2.18459434e-02 
 1.23300000e+00  2.16450008e-02 
 1.23400000e+00  2.14455480e-02 
 1.23500000e+00  2.12475750e-02 
 1.23600000e+00  2.10510722e-02 
 1.23700000e+00  2.08560301e-02 
 1.23800000e+00  2.06624392e-02 
 1.23900000e+00  2.04702900e-02 
 1.24000000e+00  2.02795733e-02 
 1.24100000e+00  2.00902797e-02 
 1.24200000e+00  1.99024002e-02 
 1.24300000e+00  1.97159256e-02 
 1.24400000e+00  1.95308469e-02 
 1.24500000e+00  1.93471552e-02 
 1.24600000e+00  1.91648416e-02 
 1.24700000e+00  1.89838974e-02 
 1.24800000e+00  1.88043138e-02 
 1.24900000e+00  1.86260823e-02 
 1.25000000e+00  1.84491942e-02 
 1.25100000e+00  1.82736410e-02 
 1.25200000e+00  1.80994144e-02 
 1.25300000e+00  1.79265060e-02 
 1.25400000e+00  1.77549075e-02 
 1.25500000e+00  1.75846108e-02 
 1.25600000e+00  1.74156075e-02 
 1.25700000e+00  1.72478898e-02 
 1.25800000e+00  1.70814495e-02 
 1.25900000e+00  1.69162788e-02 
 1.26000000e+00  1.67523697e-02 
 1.26100000e+00  1.65897144e-02 
 1.26200000e+00  1.64283052e-02 
 1.26300000e+00  1.62681344e-02 
 1.26400000e+00  1.61091943e-02 
 1.26500000e+00  1.59514773e-02 
 1.26600000e+00  1.57949760e-02 
 1.26700000e+00  1.56396829e-02 
 1.26800000e+00  1.54855906e-02 
 1.26900000e+00  1.53326917e-02 
 1.27000000e+00  1.51809790e-02 
 1.27100000e+00  1.50304453e-02 
 1.27200000e+00  1.48810833e-02 
 1.27300000e+00  1.47328859e-02 
 1.27400000e+00  1.45858462e-02 
 1.27500000e+00  1.44399570e-02 
 1.27600000e+00  1.42952114e-02 
 1.27700000e+00  1.41516024e-02 
 1.27800000e+00  1.40091233e-02 
 1.27900000e+00  1.38677673e-02 
 1.28000000e+00  1.37275275e-02 
 1.28100000e+00  1.35883972e-02 
 1.28200000e+00  1.34503698e-02 
 1.28300000e+00  1.33134387e-02 
 1.28400000e+00  1.31775973e-02 
 1.28500000e+00  1.30428391e-02 
 1.28600000e+00  1.29091575e-02 
 1.28700000e+00  1.27765462e-02 
 1.28800000e+00  1.26449988e-02 
 1.28900000e+00  1.25145088e-02 
 1.29000000e+00  1.23850701e-02 
 1.29100000e+00  1.22566764e-02 
 1.29200000e+00  1.21293214e-02 
 1.29300000e+00  1.20029989e-02 
 1.29400000e+00  1.18777028e-02 
 1.29500000e+00  1.17534270e-02 
 1.29600000e+00  1.16301655e-02 
 1.29700000e+00  1.15079122e-02 
 1.29800000e+00  1.13866611e-02 
 1.29900000e+00  1.12664063e-02 
 1.30000000e+00  1.11471418e-02 
 1.30100000e+00  1.10288619e-02 
 1.30200000e+00  1.09115606e-02 
 1.30300000e+00  1.07952321e-02 
 1.30400000e+00  1.06798707e-02 
 1.30500000e+00  1.05654706e-02 
 1.30600000e+00  1.04520262e-02 
 1.30700000e+00  1.03395317e-02 
 1.30800000e+00  1.02279815e-02 
 1.30900000e+00  1.01173701e-02 
 1.31000000e+00  1.00076917e-02 
 1.31100000e+00  9.89894092e-03 
 1.31200000e+00  9.79111219e-03 
 1.31300000e+00  9.68420002e-03 
 1.31400000e+00  9.57819895e-03 
 1.31500000e+00  9.47310355e-03 
 1.31600000e+00  9.36890842e-03 
 1.31700000e+00  9.26560818e-03 
 1.31800000e+00  9.16319749e-03 
 1.31900000e+00  9.06167100e-03 
 1.32000000e+00  8.96102344e-03 
 1.32100000e+00  8.86124952e-03 
 1.32200000e+00  8.76234401e-03 
 1.32300000e+00  8.66430167e-03 
 1.32400000e+00  8.56711731e-03 
 1.32500000e+00  8.47078575e-03 
 1.32600000e+00  8.37530185e-03 
 1.32700000e+00  8.28066048e-03 
 1.32800000e+00  8.18685652e-03 
 1.32900000e+00  8.09388490e-03 
 1.33000000e+00  8.00174056e-03 
 1.33100000e+00  7.91041844e-03 
 1.33200000e+00  7.81991354e-03 
 1.33300000e+00  7.73022085e-03 
 1.33400000e+00  7.64133540e-03 
 1.33500000e+00  7.55325221e-03 
 1.33600000e+00  7.46596637e-03 
 1.33700000e+00  7.37947293e-03 
 1.33800000e+00  7.29376701e-03 
 1.33900000e+00  7.20884371e-03 
 1.34000000e+00  7.12469817e-03 
 1.34100000e+00  7.04132554e-03 
 1.34200000e+00  6.95872100e-03 
 1.34300000e+00  6.87687972e-03 
 1.34400000e+00  6.79579692e-03 
 1.34500000e+00  6.71546780e-03 
 1.34600000e+00  6.63588762e-03 
 1.34700000e+00  6.55705161e-03 
 1.34800000e+00  6.47895506e-03 
 1.34900000e+00  6.40159323e-03 
 1.35000000e+00  6.32496144e-03 
 1.35100000e+00  6.24905500e-03 
 1.35200000e+00  6.17386923e-03 
 1.35300000e+00  6.09939948e-03 
 1.35400000e+00  6.02564111e-03 
 1.35500000e+00  5.95258949e-03 
 1.35600000e+00  5.88024000e-03 
 1.35700000e+00  5.80858806e-03 
 1.35800000e+00  5.73762906e-03 
 1.35900000e+00  5.66735845e-03 
 1.36000000e+00  5.59777165e-03 
 1.36100000e+00  5.52886413e-03 
 1.36200000e+00  5.46063135e-03 
 1.36300000e+00  5.39306880e-03 
 1.36400000e+00  5.32617196e-03 
 1.36500000e+00  5.25993635e-03 
 1.36600000e+00  5.19435748e-03 
 1.36700000e+00  5.12943088e-03 
 1.36800000e+00  5.06515210e-03 
 1.36900000e+00  5.00151669e-03 
 1.37000000e+00  4.93852022e-03 
 1.37100000e+00  4.87615828e-03 
 1.37200000e+00  4.81442645e-03 
 1.37300000e+00  4.75332034e-03 
 1.37400000e+00  4.69283556e-03 
 1.37500000e+00  4.63296775e-03 
 1.37600000e+00  4.57371255e-03 
 1.37700000e+00  4.51506560e-03 
 1.37800000e+00  4.45702258e-03 
 1.37900000e+00  4.39957916e-03 
 1.38000000e+00  4.34273102e-03 
 1.38100000e+00  4.28647388e-03 
 1.38200000e+00  4.23080343e-03 
 1.38300000e+00  4.17571542e-03 
 1.38400000e+00  4.12120556e-03 
 1.38500000e+00  4.06726961e-03 
 1.38600000e+00  4.01390334e-03 
 1.38700000e+00  3.96110250e-03 
 1.38800000e+00  3.90886289e-03 
 1.38900000e+00  3.85718031e-03 
 1.39000000e+00  3.80605056e-03 
 1.39100000e+00  3.75546945e-03 
 1.39200000e+00  3.70543284e-03 
 1.39300000e+00  3.65593655e-03 
 1.39400000e+00  3.60697646e-03 
 1.39500000e+00  3.55854842e-03 
 1.39600000e+00  3.51064833e-03 
 1.39700000e+00  3.46327207e-03 
 1.39800000e+00  3.41641556e-03 
 1.39900000e+00  3.37007472e-03 
 1.40000000e+00  3.32424548e-03 
 1.40100000e+00  3.27892379e-03 
 1.40200000e+00  3.23410562e-03 
 1.40300000e+00  3.18978692e-03 
 1.40400000e+00  3.14596371e-03 
 1.40500000e+00  3.10263196e-03 
 1.40600000e+00  3.05978770e-03 
 1.40700000e+00  3.01742696e-03 
 1.40800000e+00  2.97554578e-03 
 1.40900000e+00  2.93414021e-03 
 1.41000000e+00  2.89320632e-03 
 1.41100000e+00  2.85274021e-03 
 1.41200000e+00  2.81273796e-03 
 1.41300000e+00  2.77319570e-03 
 1.41400000e+00  2.73410954e-03 
 1.41500000e+00  2.69547564e-03 
 1.41600000e+00  2.65729015e-03 
 1.41700000e+00  2.61954924e-03 
 1.41800000e+00  2.58224910e-03 
 1.41900000e+00  2.54538593e-03 
 1.42000000e+00  2.50895596e-03 
 1.42100000e+00  2.47295542e-03 
 1.42200000e+00  2.43738055e-03 
 1.42300000e+00  2.40222763e-03 
 1.42400000e+00  2.36749293e-03 
 1.42500000e+00  2.33317275e-03 
 1.42600000e+00  2.29926341e-03 
 1.42700000e+00  2.26576123e-03 
 1.42800000e+00  2.23266258e-03 
 1.42900000e+00  2.19996379e-03 
 1.43000000e+00  2.16766127e-03 
 1.43100000e+00  2.13575140e-03 
 1.43200000e+00  2.10423061e-03 
 1.43300000e+00  2.07309531e-03 
 1.43400000e+00  2.04234197e-03 
 1.43500000e+00  2.01196704e-03 
 1.43600000e+00  1.98196701e-03 
 1.43700000e+00  1.95233838e-03 
 1.43800000e+00  1.92307768e-03 
 1.43900000e+00  1.89418143e-03 
 1.44000000e+00  1.86564620e-03 
 1.44100000e+00  1.83746855e-03 
 1.44200000e+00  1.80964507e-03 
 1.44300000e+00  1.78217239e-03 
 1.44400000e+00  1.75504712e-03 
 1.44500000e+00  1.72826590e-03 
 1.44600000e+00  1.70182542e-03 
 1.44700000e+00  1.67572234e-03 
 1.44800000e+00  1.64995338e-03 
 1.44900000e+00  1.62451524e-03 
 1.45000000e+00  1.59940469e-03 
 1.45100000e+00  1.57461846e-03 
 1.45200000e+00  1.55015334e-03 
 1.45300000e+00  1.52600613e-03 
 1.45400000e+00  1.50217365e-03 
 1.45500000e+00  1.47865272e-03 
 1.45600000e+00  1.45544021e-03 
 1.45700000e+00  1.43253300e-03 
 1.45800000e+00  1.40992796e-03 
 1.45900000e+00  1.38762203e-03 
 1.46000000e+00  1.36561212e-03 
 1.46100000e+00  1.34389520e-03 
 1.46200000e+00  1.32246824e-03 
 1.46300000e+00  1.30132823e-03 
 1.46400000e+00  1.28047217e-03 
 1.46500000e+00  1.25989711e-03 
 1.46600000e+00  1.23960010e-03 
 1.46700000e+00  1.21957820e-03 
 1.46800000e+00  1.19982851e-03 
 1.46900000e+00  1.18034814e-03 
 1.47000000e+00  1.16113422e-03 
 1.47100000e+00  1.14218390e-03 
 1.47200000e+00  1.12349435e-03 
 1.47300000e+00  1.10506276e-03 
 1.47400000e+00  1.08688634e-03 
 1.47500000e+00  1.06896233e-03 
 1.47600000e+00  1.05128798e-03 
 1.47700000e+00  1.03386054e-03 
 1.47800000e+00  1.01667732e-03 
 1.47900000e+00  9.99735631e-04 
 1.48000000e+00  9.83032793e-04 
 1.48100000e+00  9.66566159e-04 
 1.48200000e+00  9.50333100e-04 
 1.48300000e+00  9.34331004e-04 
 1.48400000e+00  9.18557282e-04 
 1.48500000e+00  9.03009362e-04 
 1.48600000e+00  8.87684692e-04 
 1.48700000e+00  8.72580742e-04 
 1.48800000e+00  8.57694999e-04 
 1.48900000e+00  8.43024971e-04 
 1.49000000e+00  8.28568185e-04 
 1.49100000e+00  8.14322187e-04 
 1.49200000e+00  8.00284543e-04 
 1.49300000e+00  7.86452840e-04 
 1.49400000e+00  7.72824681e-04 
 1.49500000e+00  7.59397692e-04 
 1.49600000e+00  7.46169514e-04 
 1.49700000e+00  7.33137811e-04 
 1.49800000e+00  7.20300265e-04 
 1.49900000e+00  7.07654576e-04 
 1.50000000e+00  6.95198464e-04 
 1.50100000e+00  6.82929668e-04 
 1.50200000e+00  6.70845944e-04 
 1.50300000e+00  6.58945070e-04 
 1.50400000e+00  6.47224840e-04 
 1.50500000e+00  6.35683068e-04 
 1.50600000e+00  6.24317586e-04 
 1.50700000e+00  6.13126246e-04 
 1.50800000e+00  6.02106915e-04 
 1.50900000e+00  5.91257483e-04 
 1.51000000e+00  5.80575854e-04 
 1.51100000e+00  5.70059953e-04 
 1.51200000e+00  5.59707721e-04 
 1.51300000e+00  5.49517120e-04 
 1.51400000e+00  5.39486126e-04 
 1.51500000e+00  5.29612737e-04 
 1.51600000e+00  5.19894966e-04 
 1.51700000e+00  5.10330845e-04 
 1.51800000e+00  5.00918423e-04 
 1.51900000e+00  4.91655766e-04 
 1.52000000e+00  4.82540959e-04 
 1.52100000e+00  4.73572103e-04 
 1.52200000e+00  4.64747318e-04 
 1.52300000e+00  4.56064739e-04 
 1.52400000e+00  4.47522520e-04 
 1.52500000e+00  4.39118831e-04 
 1.52600000e+00  4.30851859e-04 
 1.52700000e+00  4.22719808e-04 
 1.52800000e+00  4.14720899e-04 
 1.52900000e+00  4.06853370e-04 
 1.53000000e+00  3.99115475e-04 
 1.53100000e+00  3.91505485e-04 
 1.53200000e+00  3.84021686e-04 
 1.53300000e+00  3.76662382e-04 
 1.53400000e+00  3.69425894e-04 
 1.53500000e+00  3.62310556e-04 
 1.53600000e+00  3.55314721e-04 
 1.53700000e+00  3.48436758e-04 
 1.53800000e+00  3.41675049e-04 
 1.53900000e+00  3.35027995e-04 
 1.54000000e+00  3.28494012e-04 
 1.54100000e+00  3.22071530e-04 
 1.54200000e+00  3.15758996e-04 
 1.54300000e+00  3.09554873e-04 
 1.54400000e+00  3.03457639e-04 
 1.54500000e+00  2.97465786e-04 
 1.54600000e+00  2.91577823e-04 
 1.54700000e+00  2.85792274e-04 
 1.54800000e+00  2.80107676e-04 
 1.54900000e+00  2.74522583e-04 
 1.55000000e+00  2.69035565e-04 
 1.55100000e+00  2.63645203e-04 
 1.55200000e+00  2.58350097e-04 
 1.55300000e+00  2.53148859e-04 
 1.55400000e+00  2.48040117e-04 
 1.55500000e+00  2.43022511e-04 
 1.55600000e+00  2.38094699e-04 
 1.55700000e+00  2.33255351e-04 
 1.55800000e+00  2.28503152e-04 
 1.55900000e+00  2.23836802e-04 
 1.56000000e+00  2.19255012e-04 
 1.56100000e+00  2.14756512e-04 
 1.56200000e+00  2.10340041e-04 
 1.56300000e+00  2.06004354e-04 
 1.56400000e+00  2.01748222e-04 
 1.56500000e+00  1.97570426e-04 
 1.56600000e+00  1.93469762e-04 
 1.56700000e+00  1.89445040e-04 
 1.56800000e+00  1.85495084e-04 
 1.56900000e+00  1.81618731e-04 
 1.57000000e+00  1.77814829e-04 
 1.57100000e+00  1.74082243e-04 
 1.57200000e+00  1.70419849e-04 
 1.57300000e+00  1.66826535e-04 
 1.57400000e+00  1.63301206e-04 
 1.57500000e+00  1.59842776e-04 
 1.57600000e+00  1.56450174e-04 
 1.57700000e+00  1.53122340e-04 
 1.57800000e+00  1.49858229e-04 
 1.57900000e+00  1.46656807e-04 
 1.58000000e+00  1.43517053e-04 
 1.58100000e+00  1.40437957e-04 
 1.58200000e+00  1.37418525e-04 
 1.58300000e+00  1.34457772e-04 
 1.58400000e+00  1.31554726e-04 
 1.58500000e+00  1.28708429e-04 
 1.58600000e+00  1.25917932e-04 
 1.58700000e+00  1.23182300e-04 
 1.58800000e+00  1.20500610e-04 
 1.58900000e+00  1.17871949e-04 
 1.59000000e+00  1.15295419e-04 
 1.59100000e+00  1.12770130e-04 
 1.59200000e+00  1.10295205e-04 
 1.59300000e+00  1.07869781e-04 
 1.59400000e+00  1.05493003e-04 
 1.59500000e+00  1.03164028e-04 
 1.59600000e+00  1.00882026e-04 
 1.59700000e+00  9.86461756e-05 
 1.59800000e+00  9.64556692e-05 
 1.59900000e+00  9.43097084e-05 
 1.60000000e+00  9.22075064e-05 
 1.60100000e+00  9.01482870e-05 
 1.60200000e+00  8.81312850e-05 
 1.60300000e+00  8.61557456e-05 
 1.60400000e+00  8.42209249e-05 
 1.60500000e+00  8.23260892e-05 
 1.60600000e+00  8.04705155e-05 
 1.60700000e+00  7.86534910e-05 
 1.60800000e+00  7.68743131e-05 
 1.60900000e+00  7.51322894e-05 
 1.61000000e+00  7.34267378e-05 
 1.61100000e+00  7.17569858e-05 
 1.61200000e+00  7.01223712e-05 
 1.61300000e+00  6.85222412e-05 
 1.61400000e+00  6.69559531e-05 
 1.61500000e+00  6.54228736e-05 
 1.61600000e+00  6.39223792e-05 
 1.61700000e+00  6.24538555e-05 
 1.61800000e+00  6.10166978e-05 
 1.61900000e+00  5.96103105e-05 
 1.62000000e+00  5.82341073e-05 
 1.62100000e+00  5.68875110e-05 
 1.62200000e+00  5.55699534e-05 
 1.62300000e+00  5.42808751e-05 
 1.62400000e+00  5.30197257e-05 
 1.62500000e+00  5.17859634e-05 
 1.62600000e+00  5.05790554e-05 
 1.62700000e+00  4.93984769e-05 
 1.62800000e+00  4.82437121e-05 
 1.62900000e+00  4.71142533e-05 
 1.63000000e+00  4.60096012e-05 
 1.63100000e+00  4.49292647e-05 
 1.63200000e+00  4.38727606e-05 
 1.63300000e+00  4.28396141e-05 
 1.63400000e+00  4.18293580e-05 
 1.63500000e+00  4.08415331e-05 
 1.63600000e+00  3.98756880e-05 
 1.63700000e+00  3.89313788e-05 
 1.63800000e+00  3.80081693e-05 
 1.63900000e+00  3.71056306e-05 
 1.64000000e+00  3.62233414e-05 
 1.64100000e+00  3.53608877e-05 
 1.64200000e+00  3.45178625e-05 
 1.64300000e+00  3.36938660e-05 
 1.64400000e+00  3.28885056e-05 
 1.64500000e+00  3.21013953e-05 
 1.64600000e+00  3.13321564e-05 
 1.64700000e+00  3.05804165e-05 
 1.64800000e+00  2.98458102e-05 
 1.64900000e+00  2.91279785e-05 
 1.65000000e+00  2.84265691e-05 
 1.65100000e+00  2.77412359e-05 
 1.65200000e+00  2.70716391e-05 
 1.65300000e+00  2.64174454e-05 
 1.65400000e+00  2.57783274e-05 
 1.65500000e+00  2.51539638e-05 
 1.65600000e+00  2.45440395e-05 
 1.65700000e+00  2.39482450e-05 
 1.65800000e+00  2.33662767e-05 
 1.65900000e+00  2.27978369e-05 
 1.66000000e+00  2.22426332e-05 
 1.66100000e+00  2.17003792e-05 
 1.66200000e+00  2.11707936e-05 
 1.66300000e+00  2.06536006e-05 
 1.66400000e+00  2.01485298e-05 
 1.66500000e+00  1.96553160e-05 
 1.66600000e+00  1.91736991e-05 
 1.66700000e+00  1.87034240e-05 
 1.66800000e+00  1.82442409e-05 
 1.66900000e+00  1.77959047e-05 
 1.67000000e+00  1.73581750e-05 
 1.67100000e+00  1.69308164e-05 
 1.67200000e+00  1.65135981e-05 
 1.67300000e+00  1.61062939e-05 
 1.67400000e+00  1.57086822e-05 
 1.67500000e+00  1.53205457e-05 
 1.67600000e+00  1.49416717e-05 
 1.67700000e+00  1.45718517e-05 
 1.67800000e+00  1.42108815e-05 
 1.67900000e+00  1.38585608e-05 
 1.68000000e+00  1.35146939e-05 
 1.68100000e+00  1.31790887e-05 
 1.68200000e+00  1.28515573e-05 
 1.68300000e+00  1.25319155e-05 
 1.68400000e+00  1.22199832e-05 
 1.68500000e+00  1.19155837e-05 
 1.68600000e+00  1.16185444e-05 
 1.68700000e+00  1.13286960e-05 
 1.68800000e+00  1.10458728e-05 
 1.68900000e+00  1.07699129e-05 
 1.69000000e+00  1.05006574e-05 
 1.69100000e+00  1.02379511e-05 
 1.69200000e+00  9.98164203e-06 
 1.69300000e+00  9.73158138e-06 
 1.69400000e+00  9.48762362e-06 
 1.69500000e+00  9.24962632e-06 
 1.69600000e+00  9.01745015e-06 
 1.69700000e+00  8.79095877e-06 
 1.69800000e+00  8.57001882e-06 
 1.69900000e+00  8.35449983e-06 
 1.70000000e+00  8.14427420e-06 
 1.70100000e+00  7.93921709e-06 
 1.70200000e+00  7.73920645e-06 
 1.70300000e+00  7.54412286e-06 
 1.70400000e+00  7.35384959e-06 
 1.70500000e+00  7.16827247e-06 
 1.70600000e+00  6.98727985e-06 
 1.70700000e+00  6.81076260e-06 
 1.70800000e+00  6.63861399e-06 
 1.70900000e+00  6.47072971e-06 
 1.71000000e+00  6.30700777e-06 
 1.71100000e+00  6.14734847e-06 
 1.71200000e+00  5.99165436e-06 
 1.71300000e+00  5.83983021e-06 
 1.71400000e+00  5.69178292e-06 
 1.71500000e+00  5.54742152e-06 
 1.71600000e+00  5.40665710e-06 
 1.71700000e+00  5.26940279e-06 
 1.71800000e+00  5.13557369e-06 
 1.71900000e+00  5.00508686e-06 
 1.72000000e+00  4.87786124e-06 
 1.72100000e+00  4.75381767e-06 
 1.72200000e+00  4.63287879e-06 
 1.72300000e+00  4.51496903e-06 
 1.72400000e+00  4.40001458e-06 
 1.72500000e+00  4.28794333e-06 
 1.72600000e+00  4.17868486e-06 
 1.72700000e+00  4.07217038e-06 
 1.72800000e+00  3.96833270e-06 
 1.72900000e+00  3.86710622e-06 
 1.73000000e+00  3.76842686e-06 
 1.73100000e+00  3.67223206e-06 
 1.73200000e+00  3.57846072e-06 
 1.73300000e+00  3.48705317e-06 
 1.73400000e+00  3.39795117e-06 
 1.73500000e+00  3.31109785e-06 
 1.73600000e+00  3.22643769e-06 
 1.73700000e+00  3.14391647e-06 
 1.73800000e+00  3.06348128e-06 
 1.73900000e+00  2.98508045e-06 
 1.74000000e+00  2.90866357e-06 
 1.74100000e+00  2.83418140e-06 
 1.74200000e+00  2.76158592e-06 
 1.74300000e+00  2.69083021e-06 
 1.74400000e+00  2.62186852e-06 
 1.74500000e+00  2.55465618e-06 
 1.74600000e+00  2.48914960e-06 
 1.74700000e+00  2.42530623e-06 
 1.74800000e+00  2.36308457e-06 
 1.74900000e+00  2.30244410e-06 
 1.75000000e+00  2.24334530e-06 
 1.75100000e+00  2.18574960e-06 
 1.75200000e+00  2.12961936e-06 
 1.75300000e+00  2.07491786e-06 
 1.75400000e+00  2.02160929e-06 
 1.75500000e+00  1.96965869e-06 
 1.75600000e+00  1.91903196e-06 
 1.75700000e+00  1.86969585e-06 
 1.75800000e+00  1.82161790e-06 
 1.75900000e+00  1.77476646e-06 
 1.76000000e+00  1.72911064e-06 
 1.76100000e+00  1.68462034e-06 
 1.76200000e+00  1.64126617e-06 
 1.76300000e+00  1.59901948e-06 
 1.76400000e+00  1.55785231e-06 
 1.76500000e+00  1.51773741e-06 
 1.76600000e+00  1.47864820e-06 
 1.76700000e+00  1.44055874e-06 
 1.76800000e+00  1.40344374e-06 
 1.76900000e+00  1.36727855e-06 
 1.77000000e+00  1.33203912e-06 
 1.77100000e+00  1.29770200e-06 
 1.77200000e+00  1.26424431e-06 
 1.77300000e+00  1.23164377e-06 
 1.77400000e+00  1.19987861e-06 
 1.77500000e+00  1.16892764e-06 
 1.77600000e+00  1.13877019e-06 
 1.77700000e+00  1.10938610e-06 
 1.77800000e+00  1.08075571e-06 
 1.77900000e+00  1.05285987e-06 
 1.78000000e+00  1.02567988e-06 
 1.78100000e+00  9.99197534e-07 
 1.78200000e+00  9.73395073e-07 
 1.78300000e+00  9.48255183e-07 
 1.78400000e+00  9.23760986e-07 
 1.78500000e+00  8.99896027e-07 
 1.78600000e+00  8.76644267e-07 
 1.78700000e+00  8.53990067e-07 
 1.78800000e+00  8.31918184e-07 
 1.78900000e+00  8.10413759e-07 
 1.79000000e+00  7.89462307e-07 
 1.79100000e+00  7.69049709e-07 
 1.79200000e+00  7.49162201e-07 
 1.79300000e+00  7.29786369e-07 
 1.79400000e+00  7.10909135e-07 
 1.79500000e+00  6.92517754e-07 
 1.79600000e+00  6.74599803e-07 
 1.79700000e+00  6.57143173e-07 
 1.79800000e+00  6.40136063e-07 
 1.79900000e+00  6.23566968e-07 
 1.80000000e+00  6.07424678e-07 
