 time            v(in)           v(out)         
 0.00000000e+00  0.00000000e+00  1.80000000e+00 
 1.00000000e-13  0.00000000e+00  1.80000000e+00 
 2.00000000e-13  0.00000000e+00  1.80000000e+00 
 4.00000000e-13  0.00000000e+00  1.80000000e+00 
 8.00000000e-13  0.00000000e+00  1.80000000e+00 
 1.60000000e-12  0.00000000e+00  1.80000000e+00 
 3.20000000e-12  0.00000000e+00  1.80000000e+00 
 6.40000000e-12  0.00000000e+00  1.80000000e+00 
 1.28000000e-11  0.00000000e+00  1.80000000e+00 
 2.28000000e-11  0.00000000e+00  1.80000000e+00 
 3.28000000e-11  0.00000000e+00  1.80000000e+00 
 4.28000000e-11  0.00000000e+00  1.80000000e+00 
 5.28000000e-11  0.00000000e+00  1.80000000e+00 
 6.28000000e-11  0.00000000e+00  1.80000000e+00 
 7.28000000e-11  0.00000000e+00  1.80000000e+00 
 8.28000000e-11  0.00000000e+00  1.80000000e+00 
 9.28000000e-11  0.00000000e+00  1.80000000e+00 
 1.02800000e-10  0.00000000e+00  1.80000000e+00 
 1.12800000e-10  0.00000000e+00  1.80000000e+00 
 1.22800000e-10  0.00000000e+00  1.80000000e+00 
 1.32800000e-10  0.00000000e+00  1.80000000e+00 
 1.42800000e-10  0.00000000e+00  1.80000000e+00 
 1.52800000e-10  0.00000000e+00  1.80000000e+00 
 1.62800000e-10  0.00000000e+00  1.80000000e+00 
 1.72800000e-10  0.00000000e+00  1.80000000e+00 
 1.82800000e-10  0.00000000e+00  1.80000000e+00 
 1.92800000e-10  0.00000000e+00  1.80000000e+00 
 2.02800000e-10  0.00000000e+00  1.80000000e+00 
 2.12800000e-10  0.00000000e+00  1.80000000e+00 
 2.22800000e-10  0.00000000e+00  1.80000000e+00 
 2.32800000e-10  0.00000000e+00  1.80000000e+00 
 2.42800000e-10  0.00000000e+00  1.80000000e+00 
 2.52800000e-10  0.00000000e+00  1.80000000e+00 
 2.62800000e-10  0.00000000e+00  1.80000000e+00 
 2.72800000e-10  0.00000000e+00  1.80000000e+00 
 2.82800000e-10  0.00000000e+00  1.80000000e+00 
 2.92800000e-10  0.00000000e+00  1.80000000e+00 
 3.02800000e-10  0.00000000e+00  1.80000000e+00 
 3.12800000e-10  0.00000000e+00  1.80000000e+00 
 3.22800000e-10  0.00000000e+00  1.80000000e+00 
 3.32800000e-10  0.00000000e+00  1.80000000e+00 
 3.42800000e-10  0.00000000e+00  1.80000000e+00 
 3.52800000e-10  0.00000000e+00  1.80000000e+00 
 3.62800000e-10  0.00000000e+00  1.80000000e+00 
 3.72800000e-10  0.00000000e+00  1.80000000e+00 
 3.82800000e-10  0.00000000e+00  1.80000000e+00 
 3.92800000e-10  0.00000000e+00  1.80000000e+00 
 4.02800000e-10  0.00000000e+00  1.80000000e+00 
 4.12800000e-10  0.00000000e+00  1.80000000e+00 
 4.22800000e-10  0.00000000e+00  1.80000000e+00 
 4.32800000e-10  0.00000000e+00  1.80000000e+00 
 4.42800000e-10  0.00000000e+00  1.80000000e+00 
 4.52800000e-10  0.00000000e+00  1.80000000e+00 
 4.62800000e-10  0.00000000e+00  1.80000000e+00 
 4.72800000e-10  0.00000000e+00  1.80000000e+00 
 4.82800000e-10  0.00000000e+00  1.80000000e+00 
 4.92800000e-10  0.00000000e+00  1.80000000e+00 
 5.02800000e-10  0.00000000e+00  1.80000000e+00 
 5.12800000e-10  0.00000000e+00  1.80000000e+00 
 5.22800000e-10  0.00000000e+00  1.80000000e+00 
 5.32800000e-10  0.00000000e+00  1.80000000e+00 
 5.42800000e-10  0.00000000e+00  1.80000000e+00 
 5.52800000e-10  0.00000000e+00  1.80000000e+00 
 5.62800000e-10  0.00000000e+00  1.80000000e+00 
 5.72800000e-10  0.00000000e+00  1.80000000e+00 
 5.82800000e-10  0.00000000e+00  1.80000000e+00 
 5.92800000e-10  0.00000000e+00  1.80000000e+00 
 6.02800000e-10  0.00000000e+00  1.80000000e+00 
 6.12800000e-10  0.00000000e+00  1.80000000e+00 
 6.22800000e-10  0.00000000e+00  1.80000000e+00 
 6.32800000e-10  0.00000000e+00  1.80000000e+00 
 6.42800000e-10  0.00000000e+00  1.80000000e+00 
 6.52800000e-10  0.00000000e+00  1.80000000e+00 
 6.62800000e-10  0.00000000e+00  1.80000000e+00 
 6.72800000e-10  0.00000000e+00  1.80000000e+00 
 6.82800000e-10  0.00000000e+00  1.80000000e+00 
 6.92800000e-10  0.00000000e+00  1.80000000e+00 
 7.02800000e-10  0.00000000e+00  1.80000000e+00 
 7.12800000e-10  0.00000000e+00  1.80000000e+00 
 7.22800000e-10  0.00000000e+00  1.80000000e+00 
 7.32800000e-10  0.00000000e+00  1.80000000e+00 
 7.42800000e-10  0.00000000e+00  1.80000000e+00 
 7.52800000e-10  0.00000000e+00  1.80000000e+00 
 7.62800000e-10  0.00000000e+00  1.80000000e+00 
 7.72800000e-10  0.00000000e+00  1.80000000e+00 
 7.82800000e-10  0.00000000e+00  1.80000000e+00 
 7.92800000e-10  0.00000000e+00  1.80000000e+00 
 8.02800000e-10  0.00000000e+00  1.80000000e+00 
 8.12800000e-10  0.00000000e+00  1.80000000e+00 
 8.22800000e-10  0.00000000e+00  1.80000000e+00 
 8.32800000e-10  0.00000000e+00  1.80000000e+00 
 8.42800000e-10  0.00000000e+00  1.80000000e+00 
 8.52800000e-10  0.00000000e+00  1.80000000e+00 
 8.62800000e-10  0.00000000e+00  1.80000000e+00 
 8.72800000e-10  0.00000000e+00  1.80000000e+00 
 8.82800000e-10  0.00000000e+00  1.80000000e+00 
 8.92800000e-10  0.00000000e+00  1.80000000e+00 
 9.02800000e-10  0.00000000e+00  1.80000000e+00 
 9.12800000e-10  0.00000000e+00  1.80000000e+00 
 9.22800000e-10  0.00000000e+00  1.80000000e+00 
 9.32800000e-10  0.00000000e+00  1.80000000e+00 
 9.42800000e-10  0.00000000e+00  1.80000000e+00 
 9.52800000e-10  0.00000000e+00  1.80000000e+00 
 9.62800000e-10  0.00000000e+00  1.80000000e+00 
 9.72800000e-10  0.00000000e+00  1.80000000e+00 
 9.82800000e-10  0.00000000e+00  1.80000000e+00 
 9.92800000e-10  0.00000000e+00  1.80000000e+00 
 1.00000000e-09  0.00000000e+00  1.80000000e+00 
 1.00100000e-09  9.00000000e-04  1.80071005e+00 
 1.00300000e-09  2.70000000e-03  1.80196910e+00 
 1.00700000e-09  6.30000000e-03  1.80370583e+00 
 1.01500000e-09  1.35000000e-02  1.80538025e+00 
 1.02500000e-09  2.25000000e-02  1.80599606e+00 
 1.03500000e-09  3.15000000e-02  1.80614581e+00 
 1.04500000e-09  4.05000000e-02  1.80620344e+00 
 1.05500000e-09  4.95000000e-02  1.80624175e+00 
 1.06500000e-09  5.85000000e-02  1.80627822e+00 
 1.07500000e-09  6.75000000e-02  1.80631436e+00 
 1.08500000e-09  7.65000000e-02  1.80635205e+00 
 1.09500000e-09  8.55000000e-02  1.80639066e+00 
 1.10500000e-09  9.45000000e-02  1.80643076e+00 
 1.11500000e-09  1.03500000e-01  1.80647215e+00 
 1.12500000e-09  1.12500000e-01  1.80651492e+00 
 1.13500000e-09  1.21500000e-01  1.80655922e+00 
 1.14500000e-09  1.30500000e-01  1.80660486e+00 
 1.15500000e-09  1.39500000e-01  1.80665222e+00 
 1.16500000e-09  1.48500000e-01  1.80670092e+00 
 1.17500000e-09  1.57500000e-01  1.80675150e+00 
 1.18500000e-09  1.66500000e-01  1.80680345e+00 
 1.19500000e-09  1.75500000e-01  1.80685741e+00 
 1.20500000e-09  1.84500000e-01  1.80691279e+00 
 1.21500000e-09  1.93500000e-01  1.80697030e+00 
 1.22500000e-09  2.02500000e-01  1.80702930e+00 
 1.23500000e-09  2.11500000e-01  1.80709052e+00 
 1.24500000e-09  2.20500000e-01  1.80715329e+00 
 1.25500000e-09  2.29500000e-01  1.80721837e+00 
 1.26500000e-09  2.38500000e-01  1.80728506e+00 
 1.27500000e-09  2.47500000e-01  1.80735411e+00 
 1.28500000e-09  2.56500000e-01  1.80742483e+00 
 1.29500000e-09  2.65500000e-01  1.80749792e+00 
 1.30500000e-09  2.74500000e-01  1.80757271e+00 
 1.31500000e-09  2.83500000e-01  1.80764986e+00 
 1.32500000e-09  2.92500000e-01  1.80772869e+00 
 1.33500000e-09  3.01500000e-01  1.80780980e+00 
 1.34500000e-09  3.10500000e-01  1.80789248e+00 
 1.35500000e-09  3.19500000e-01  1.80797728e+00 
 1.36500000e-09  3.28500000e-01  1.80806344e+00 
 1.37500000e-09  3.37500000e-01  1.80815140e+00 
 1.38500000e-09  3.46500000e-01  1.80824034e+00 
 1.39500000e-09  3.55500000e-01  1.80833055e+00 
 1.40500000e-09  3.64500000e-01  1.80842108e+00 
 1.41500000e-09  3.73500000e-01  1.80851202e+00 
 1.42500000e-09  3.82500000e-01  1.80860225e+00 
 1.43500000e-09  3.91500000e-01  1.80869156e+00 
 1.44500000e-09  4.00500000e-01  1.80877852e+00 
 1.45500000e-09  4.09500000e-01  1.80886255e+00 
 1.46500000e-09  4.18500000e-01  1.80894179e+00 
 1.47500000e-09  4.27500000e-01  1.80901510e+00 
 1.48500000e-09  4.36500000e-01  1.80908000e+00 
 1.49500000e-09  4.45500000e-01  1.80913461e+00 
 1.50500000e-09  4.54500000e-01  1.80917561e+00 
 1.51500000e-09  4.63500000e-01  1.80920009e+00 
 1.52500000e-09  4.72500000e-01  1.80920362e+00 
 1.53500000e-09  4.81500000e-01  1.80918197e+00 
 1.54500000e-09  4.90500000e-01  1.80912929e+00 
 1.55500000e-09  4.99500000e-01  1.80903972e+00 
 1.56500000e-09  5.08500000e-01  1.80890572e+00 
 1.57500000e-09  5.17500000e-01  1.80871960e+00 
 1.58500000e-09  5.26500000e-01  1.80847196e+00 
 1.59500000e-09  5.35500000e-01  1.80815323e+00 
 1.60500000e-09  5.44500000e-01  1.80775222e+00 
 1.61500000e-09  5.53500000e-01  1.80725763e+00 
 1.62500000e-09  5.62500000e-01  1.80665677e+00 
 1.63500000e-09  5.71500000e-01  1.80593701e+00 
 1.64500000e-09  5.80500000e-01  1.80508455e+00 
 1.65500000e-09  5.89500000e-01  1.80408585e+00 
 1.66500000e-09  5.98500000e-01  1.80292642e+00 
 1.67500000e-09  6.07500000e-01  1.80159214e+00 
 1.68500000e-09  6.16500000e-01  1.80006801e+00 
 1.69500000e-09  6.25500000e-01  1.79869607e+00 
 1.70500000e-09  6.34500000e-01  1.79706580e+00 
 1.71500000e-09  6.43500000e-01  1.79510788e+00 
 1.72500000e-09  6.52500000e-01  1.79290350e+00 
 1.73500000e-09  6.61500000e-01  1.79039597e+00 
 1.74500000e-09  6.70500000e-01  1.78763050e+00 
 1.75500000e-09  6.79500000e-01  1.78455209e+00 
 1.76500000e-09  6.88500000e-01  1.78118530e+00 
 1.77500000e-09  6.97500000e-01  1.77747967e+00 
 1.78500000e-09  7.06500000e-01  1.77344500e+00 
 1.79500000e-09  7.15500000e-01  1.76903383e+00 
 1.80500000e-09  7.24500000e-01  1.76424332e+00 
 1.81500000e-09  7.33500000e-01  1.75902591e+00 
 1.82500000e-09  7.42500000e-01  1.75336603e+00 
 1.83500000e-09  7.51500000e-01  1.74721190e+00 
 1.84500000e-09  7.60500000e-01  1.74053290e+00 
 1.85500000e-09  7.69500000e-01  1.73326704e+00 
 1.86500000e-09  7.78500000e-01  1.72536307e+00 
 1.87500000e-09  7.87500000e-01  1.71673872e+00 
 1.88500000e-09  7.96500000e-01  1.70730984e+00 
 1.89500000e-09  8.05500000e-01  1.69695446e+00 
 1.90500000e-09  8.14500000e-01  1.68552837e+00 
 1.91500000e-09  8.23500000e-01  1.67282753e+00 
 1.92500000e-09  8.32500000e-01  1.65858357e+00 
 1.93500000e-09  8.41500000e-01  1.64240897e+00 
 1.94500000e-09  8.50500000e-01  1.62375655e+00 
 1.95500000e-09  8.59500000e-01  1.60184673e+00 
 1.96500000e-09  8.68500000e-01  1.57565827e+00 
 1.97500000e-09  8.77500000e-01  1.54425927e+00 
 1.98500000e-09  8.86500000e-01  1.50735481e+00 
 1.99500000e-09  8.95500000e-01  1.46501432e+00 
 2.00000000e-09  9.00000000e-01  1.44178563e+00 
 2.00100000e-09  9.00000000e-01  1.43583534e+00 
 2.00300000e-09  9.00000000e-01  1.42423967e+00 
 2.00700000e-09  9.00000000e-01  1.40230057e+00 
 2.01500000e-09  9.00000000e-01  1.36249147e+00 
 2.02500000e-09  9.00000000e-01  1.31927102e+00 
 2.03500000e-09  9.00000000e-01  1.28182919e+00 
 2.04500000e-09  9.00000000e-01  1.24906419e+00 
 2.05500000e-09  9.00000000e-01  1.22014099e+00 
 2.06500000e-09  9.00000000e-01  1.19450826e+00 
 2.07500000e-09  9.00000000e-01  1.17168301e+00 
 2.08500000e-09  9.00000000e-01  1.15133070e+00 
 2.09500000e-09  9.00000000e-01  1.13312846e+00 
 2.10500000e-09  9.00000000e-01  1.11684731e+00 
 2.11500000e-09  9.00000000e-01  1.10225245e+00 
 2.12500000e-09  9.00000000e-01  1.08917580e+00 
 2.13500000e-09  9.00000000e-01  1.07743836e+00 
 2.14500000e-09  9.00000000e-01  1.06691193e+00 
 2.15500000e-09  9.00000000e-01  1.05745637e+00 
 2.16500000e-09  9.00000000e-01  1.04897187e+00 
 2.17500000e-09  9.00000000e-01  1.04134698e+00 
 2.18500000e-09  9.00000000e-01  1.03450312e+00 
 2.19500000e-09  9.00000000e-01  1.02835081e+00 
 2.20500000e-09  9.00000000e-01  1.02282786e+00 
 2.21500000e-09  9.00000000e-01  1.01786195e+00 
 2.22500000e-09  9.00000000e-01  1.01340379e+00 
 2.23500000e-09  9.00000000e-01  1.00939462e+00 
 2.24500000e-09  9.00000000e-01  1.00579541e+00 
 2.25500000e-09  9.00000000e-01  1.00255821e+00 
 2.26500000e-09  9.00000000e-01  9.99652200e-01 
 2.27500000e-09  9.00000000e-01  9.97038117e-01 
 2.28500000e-09  9.00000000e-01  9.94691694e-01 
 2.29500000e-09  9.00000000e-01  9.92580667e-01 
 2.30500000e-09  9.00000000e-01  9.90686043e-01 
 2.31500000e-09  9.00000000e-01  9.88981200e-01 
 2.32500000e-09  9.00000000e-01  9.87451378e-01 
 2.33500000e-09  9.00000000e-01  9.86074527e-01 
 2.34500000e-09  9.00000000e-01  9.84839279e-01 
 2.35500000e-09  9.00000000e-01  9.83727289e-01 
 2.36500000e-09  9.00000000e-01  9.82729912e-01 
 2.37500000e-09  9.00000000e-01  9.81831812e-01 
 2.38500000e-09  9.00000000e-01  9.81026521e-01 
 2.39500000e-09  9.00000000e-01  9.80301147e-01 
 2.40500000e-09  9.00000000e-01  9.79650967e-01 
 2.41500000e-09  9.00000000e-01  9.79065084e-01 
 2.42500000e-09  9.00000000e-01  9.78540158e-01 
 2.43500000e-09  9.00000000e-01  9.78066925e-01 
 2.44500000e-09  9.00000000e-01  9.77643142e-01 
 2.45500000e-09  9.00000000e-01  9.77260883e-01 
 2.46500000e-09  9.00000000e-01  9.76918772e-01 
 2.47500000e-09  9.00000000e-01  9.76609983e-01 
 2.48500000e-09  9.00000000e-01  9.76333820e-01 
 2.49500000e-09  9.00000000e-01  9.76084365e-01 
 2.50500000e-09  9.00000000e-01  9.75861454e-01 
 2.51500000e-09  9.00000000e-01  9.75659916e-01 
 2.52500000e-09  9.00000000e-01  9.75480004e-01 
 2.53500000e-09  9.00000000e-01  9.75317166e-01 
 2.54500000e-09  9.00000000e-01  9.75171973e-01 
 2.55500000e-09  9.00000000e-01  9.75040388e-01 
 2.56500000e-09  9.00000000e-01  9.74923228e-01 
 2.57500000e-09  9.00000000e-01  9.74816886e-01 
 2.58500000e-09  9.00000000e-01  9.74722359e-01 
 2.59500000e-09  9.00000000e-01  9.74636405e-01 
 2.60500000e-09  9.00000000e-01  9.74560151e-01 
 2.61500000e-09  9.00000000e-01  9.74490663e-01 
 2.62500000e-09  9.00000000e-01  9.74429164e-01 
 2.63500000e-09  9.00000000e-01  9.74372976e-01 
 2.64500000e-09  9.00000000e-01  9.74323387e-01 
 2.65500000e-09  9.00000000e-01  9.74277943e-01 
 2.66500000e-09  9.00000000e-01  9.74237968e-01 
 2.67500000e-09  9.00000000e-01  9.74201203e-01 
 2.68500000e-09  9.00000000e-01  9.74168990e-01 
 2.69500000e-09  9.00000000e-01  9.74139235e-01 
 2.70500000e-09  9.00000000e-01  9.74113287e-01 
 2.71500000e-09  9.00000000e-01  9.74089196e-01 
 2.72500000e-09  9.00000000e-01  9.74068304e-01 
 2.73500000e-09  9.00000000e-01  9.74048790e-01 
 2.74500000e-09  9.00000000e-01  9.74031978e-01 
 2.75500000e-09  9.00000000e-01  9.74016163e-01 
 2.76500000e-09  9.00000000e-01  9.74002644e-01 
 2.77500000e-09  9.00000000e-01  9.73989816e-01 
 2.78500000e-09  9.00000000e-01  9.73978954e-01 
 2.79500000e-09  9.00000000e-01  9.73968543e-01 
 2.80500000e-09  9.00000000e-01  9.73959823e-01 
 2.81500000e-09  9.00000000e-01  9.73951365e-01 
 2.82500000e-09  9.00000000e-01  9.73944374e-01 
 2.83500000e-09  9.00000000e-01  9.73937494e-01 
 2.84500000e-09  9.00000000e-01  9.73931897e-01 
 2.85500000e-09  9.00000000e-01  9.73926294e-01 
 2.86500000e-09  9.00000000e-01  9.73921821e-01 
 2.87500000e-09  9.00000000e-01  9.73917251e-01 
 2.88500000e-09  9.00000000e-01  9.73913683e-01 
 2.89500000e-09  9.00000000e-01  9.73909949e-01 
 2.90500000e-09  9.00000000e-01  9.73907111e-01 
 2.91500000e-09  9.00000000e-01  9.73904054e-01 
 2.92500000e-09  9.00000000e-01  9.73901803e-01 
 2.93500000e-09  9.00000000e-01  9.73899294e-01 
 2.94500000e-09  9.00000000e-01  9.73897516e-01 
 2.95500000e-09  9.00000000e-01  9.73895451e-01 
 2.96500000e-09  9.00000000e-01  9.73894054e-01 
 2.97500000e-09  9.00000000e-01  9.73892349e-01 
 2.98500000e-09  9.00000000e-01  9.73891257e-01 
 2.99500000e-09  9.00000000e-01  9.73889844e-01 
 3.00500000e-09  9.00000000e-01  9.73888998e-01 
 3.01500000e-09  9.00000000e-01  9.73887823e-01 
 3.02500000e-09  9.00000000e-01  9.73887173e-01 
 3.03500000e-09  9.00000000e-01  9.73886190e-01 
 3.04500000e-09  9.00000000e-01  9.73885699e-01 
 3.05500000e-09  9.00000000e-01  9.73884873e-01 
 3.06500000e-09  9.00000000e-01  9.73884508e-01 
 3.07500000e-09  9.00000000e-01  9.73883810e-01 
 3.08500000e-09  9.00000000e-01  9.73883545e-01 
 3.09500000e-09  9.00000000e-01  9.73882952e-01 
 3.10500000e-09  9.00000000e-01  9.73882768e-01 
 3.11500000e-09  9.00000000e-01  9.73882260e-01 
 3.12500000e-09  9.00000000e-01  9.73882139e-01 
 3.13500000e-09  9.00000000e-01  9.73881701e-01 
 3.14500000e-09  9.00000000e-01  9.73881631e-01 
 3.15500000e-09  9.00000000e-01  9.73881251e-01 
 3.16500000e-09  9.00000000e-01  9.73881220e-01 
 3.17500000e-09  9.00000000e-01  9.73880887e-01 
 3.18500000e-09  9.00000000e-01  9.73880888e-01 
 3.19500000e-09  9.00000000e-01  9.73880594e-01 
 3.20500000e-09  9.00000000e-01  9.73880620e-01 
 3.21500000e-09  9.00000000e-01  9.73880358e-01 
 3.22500000e-09  9.00000000e-01  9.73880402e-01 
 3.23500000e-09  9.00000000e-01  9.73880168e-01 
 3.24500000e-09  9.00000000e-01  9.73880226e-01 
 3.25500000e-09  9.00000000e-01  9.73880015e-01 
 3.26500000e-09  9.00000000e-01  9.73880084e-01 
 3.27500000e-09  9.00000000e-01  9.73879891e-01 
 3.28500000e-09  9.00000000e-01  9.73879969e-01 
 3.29500000e-09  9.00000000e-01  9.73879792e-01 
 3.30500000e-09  9.00000000e-01  9.73879875e-01 
 3.31500000e-09  9.00000000e-01  9.73879712e-01 
 3.32500000e-09  9.00000000e-01  9.73879799e-01 
 3.33500000e-09  9.00000000e-01  9.73879648e-01 
 3.34500000e-09  9.00000000e-01  9.73879738e-01 
 3.35500000e-09  9.00000000e-01  9.73879597e-01 
 3.36500000e-09  9.00000000e-01  9.73879688e-01 
 3.37500000e-09  9.00000000e-01  9.73879555e-01 
 3.38500000e-09  9.00000000e-01  9.73879647e-01 
 3.39500000e-09  9.00000000e-01  9.73879522e-01 
 3.40500000e-09  9.00000000e-01  9.73879614e-01 
 3.41500000e-09  9.00000000e-01  9.73879496e-01 
 3.42500000e-09  9.00000000e-01  9.73879587e-01 
 3.43500000e-09  9.00000000e-01  9.73879475e-01 
 3.44500000e-09  9.00000000e-01  9.73879565e-01 
 3.45500000e-09  9.00000000e-01  9.73879458e-01 
 3.46500000e-09  9.00000000e-01  9.73879547e-01 
 3.47500000e-09  9.00000000e-01  9.73879445e-01 
 3.48500000e-09  9.00000000e-01  9.73879532e-01 
 3.49500000e-09  9.00000000e-01  9.73879434e-01 
 3.50500000e-09  9.00000000e-01  9.73879519e-01 
 3.51500000e-09  9.00000000e-01  9.73879426e-01 
 3.52500000e-09  9.00000000e-01  9.73879509e-01 
 3.53500000e-09  9.00000000e-01  9.73879420e-01 
 3.54500000e-09  9.00000000e-01  9.73879501e-01 
 3.55500000e-09  9.00000000e-01  9.73879415e-01 
 3.56500000e-09  9.00000000e-01  9.73879494e-01 
 3.57500000e-09  9.00000000e-01  9.73879411e-01 
 3.58500000e-09  9.00000000e-01  9.73879488e-01 
 3.59500000e-09  9.00000000e-01  9.73879408e-01 
 3.60500000e-09  9.00000000e-01  9.73879483e-01 
 3.61500000e-09  9.00000000e-01  9.73879406e-01 
 3.62500000e-09  9.00000000e-01  9.73879479e-01 
 3.63500000e-09  9.00000000e-01  9.73879404e-01 
 3.64500000e-09  9.00000000e-01  9.73879476e-01 
 3.65500000e-09  9.00000000e-01  9.73879403e-01 
 3.66500000e-09  9.00000000e-01  9.73879473e-01 
 3.67500000e-09  9.00000000e-01  9.73879403e-01 
 3.68500000e-09  9.00000000e-01  9.73879470e-01 
 3.69500000e-09  9.00000000e-01  9.73879402e-01 
 3.70500000e-09  9.00000000e-01  9.73879468e-01 
 3.71500000e-09  9.00000000e-01  9.73879402e-01 
 3.72500000e-09  9.00000000e-01  9.73879466e-01 
 3.73500000e-09  9.00000000e-01  9.73879402e-01 
 3.74500000e-09  9.00000000e-01  9.73879464e-01 
 3.75500000e-09  9.00000000e-01  9.73879402e-01 
 3.76500000e-09  9.00000000e-01  9.73879463e-01 
 3.77500000e-09  9.00000000e-01  9.73879402e-01 
 3.78500000e-09  9.00000000e-01  9.73879461e-01 
 3.79500000e-09  9.00000000e-01  9.73879403e-01 
 3.80500000e-09  9.00000000e-01  9.73879460e-01 
 3.81500000e-09  9.00000000e-01  9.73879403e-01 
 3.82500000e-09  9.00000000e-01  9.73879459e-01 
 3.83500000e-09  9.00000000e-01  9.73879404e-01 
 3.84500000e-09  9.00000000e-01  9.73879458e-01 
 3.85500000e-09  9.00000000e-01  9.73879404e-01 
 3.86500000e-09  9.00000000e-01  9.73879457e-01 
 3.87500000e-09  9.00000000e-01  9.73879405e-01 
 3.88500000e-09  9.00000000e-01  9.73879456e-01 
 3.89500000e-09  9.00000000e-01  9.73879405e-01 
 3.90500000e-09  9.00000000e-01  9.73879455e-01 
 3.91500000e-09  9.00000000e-01  9.73879406e-01 
 3.92500000e-09  9.00000000e-01  9.73879454e-01 
 3.93500000e-09  9.00000000e-01  9.73879406e-01 
 3.94500000e-09  9.00000000e-01  9.73879454e-01 
 3.95500000e-09  9.00000000e-01  9.73879407e-01 
 3.96500000e-09  9.00000000e-01  9.73879453e-01 
 3.97500000e-09  9.00000000e-01  9.73879407e-01 
 3.98500000e-09  9.00000000e-01  9.73879452e-01 
 3.99500000e-09  9.00000000e-01  9.73879408e-01 
 4.00000000e-09  9.00000000e-01  9.73879452e-01 
 4.00100000e-09  9.00900000e-01  9.75035945e-01 
 4.00300000e-09  9.02700000e-01  9.76863699e-01 
 4.00700000e-09  9.06300000e-01  9.78248841e-01 
 4.01500000e-09  9.13500000e-01  9.72742040e-01 
 4.02500000e-09  9.22500000e-01  9.51303226e-01 
 4.03500000e-09  9.31500000e-01  9.15124847e-01 
 4.04500000e-09  9.40500000e-01  8.65545019e-01 
 4.05500000e-09  9.49500000e-01  8.03882895e-01 
 4.06500000e-09  9.58500000e-01  7.31400390e-01 
 4.07500000e-09  9.67500000e-01  6.49576166e-01 
 4.08500000e-09  9.76500000e-01  5.60306106e-01 
 4.09500000e-09  9.85500000e-01  4.66834907e-01 
 4.10500000e-09  9.94500000e-01  3.75908498e-01 
 4.11500000e-09  1.00350000e+00  2.98524158e-01 
 4.12500000e-09  1.01250000e+00  2.40150014e-01 
 4.13500000e-09  1.02150000e+00  1.98327388e-01 
 4.14500000e-09  1.03050000e+00  1.68742103e-01 
 4.15500000e-09  1.03950000e+00  1.47517079e-01 
 4.16500000e-09  1.04850000e+00  1.31794214e-01 
 4.17500000e-09  1.05750000e+00  1.19639554e-01 
 4.18500000e-09  1.06650000e+00  1.09709576e-01 
 4.19500000e-09  1.07550000e+00  1.01233321e-01 
 4.20500000e-09  1.08450000e+00  9.37651602e-02 
 4.21500000e-09  1.09350000e+00  8.70551964e-02 
 4.22500000e-09  1.10250000e+00  8.09470044e-02 
 4.23500000e-09  1.11150000e+00  7.53454822e-02 
 4.24500000e-09  1.12050000e+00  7.01787657e-02 
 4.25500000e-09  1.12950000e+00  6.53984373e-02 
 4.26500000e-09  1.13850000e+00  6.09609029e-02 
 4.27500000e-09  1.14750000e+00  5.68353497e-02 
 4.28500000e-09  1.15650000e+00  5.29908489e-02 
 4.29500000e-09  1.16550000e+00  4.94055526e-02 
 4.30500000e-09  1.17450000e+00  4.60558910e-02 
 4.31500000e-09  1.18350000e+00  4.29255969e-02 
 4.32500000e-09  1.19250000e+00  3.99960096e-02 
 4.33500000e-09  1.20150000e+00  3.72546921e-02 
 4.34500000e-09  1.21050000e+00  3.46864881e-02 
 4.35500000e-09  1.21950000e+00  3.22817299e-02 
 4.36500000e-09  1.22850000e+00  3.00278667e-02 
 4.37500000e-09  1.23750000e+00  2.79173016e-02 
 4.38500000e-09  1.24650000e+00  2.59394750e-02 
 4.39500000e-09  1.25550000e+00  2.40883704e-02 
 4.40500000e-09  1.26450000e+00  2.23549739e-02 
 4.41500000e-09  1.27350000e+00  2.07344831e-02 
 4.42500000e-09  1.28250000e+00  1.92190863e-02 
 4.43500000e-09  1.29150000e+00  1.78049038e-02 
 4.44500000e-09  1.30050000e+00  1.64850473e-02 
 4.45500000e-09  1.30950000e+00  1.52563189e-02 
 4.46500000e-09  1.31850000e+00  1.41125212e-02 
 4.47500000e-09  1.32750000e+00  1.30509368e-02 
 4.48500000e-09  1.33650000e+00  1.20658688e-02 
 4.49500000e-09  1.34550000e+00  1.11549183e-02 
 4.50500000e-09  1.35450000e+00  1.03127416e-02 
 4.51500000e-09  1.36350000e+00  9.53713972e-03 
 4.52500000e-09  1.37250000e+00  8.82302071e-03 
 4.53500000e-09  1.38150000e+00  8.16831363e-03 
 4.54500000e-09  1.39050000e+00  7.56812416e-03 
 4.55500000e-09  1.39950000e+00  7.02048141e-03 
 4.56500000e-09  1.40850000e+00  6.52067707e-03 
 4.57500000e-09  1.41750000e+00  6.06684924e-03 
 4.58500000e-09  1.42650000e+00  5.65449516e-03 
 4.59500000e-09  1.43550000e+00  5.28189477e-03 
 4.60500000e-09  1.44450000e+00  4.94478696e-03 
 4.61500000e-09  1.45350000e+00  4.64163476e-03 
 4.62500000e-09  1.46250000e+00  4.36845643e-03 
 4.63500000e-09  1.47150000e+00  4.12393423e-03 
 4.64500000e-09  1.48050000e+00  3.90439346e-03 
 4.65500000e-09  1.48950000e+00  3.70875799e-03 
 4.66500000e-09  1.49850000e+00  3.53367209e-03 
 4.67500000e-09  1.50750000e+00  3.37830721e-03 
 4.68500000e-09  1.51650000e+00  3.23962294e-03 
 4.69500000e-09  1.52550000e+00  3.11703023e-03 
 4.70500000e-09  1.53450000e+00  3.00778886e-03 
 4.71500000e-09  1.54350000e+00  2.91153252e-03 
 4.72500000e-09  1.55250000e+00  2.82579986e-03 
 4.73500000e-09  1.56150000e+00  2.75042676e-03 
 4.74500000e-09  1.57050000e+00  2.68320803e-03 
 4.75500000e-09  1.57950000e+00  2.62416073e-03 
 4.76500000e-09  1.58850000e+00  2.57131344e-03 
 4.77500000e-09  1.59750000e+00  2.52484415e-03 
 4.78500000e-09  1.60650000e+00  2.48299317e-03 
 4.79500000e-09  1.61550000e+00  2.44607920e-03 
 4.80500000e-09  1.62450000e+00  2.41253175e-03 
 4.81500000e-09  1.63350000e+00  2.38278914e-03 
 4.82500000e-09  1.64250000e+00  2.35544653e-03 
 4.83500000e-09  1.65150000e+00  2.33103966e-03 
 4.84500000e-09  1.66050000e+00  2.30830520e-03 
 4.85500000e-09  1.66950000e+00  2.28785399e-03 
 4.86500000e-09  1.67850000e+00  2.26854055e-03 
 4.87500000e-09  1.68750000e+00  2.25102968e-03 
 4.88500000e-09  1.69650000e+00  2.23427215e-03 
 4.89500000e-09  1.70550000e+00  2.21896802e-03 
 4.90500000e-09  1.71450000e+00  2.20414565e-03 
 4.91500000e-09  1.72350000e+00  2.19052495e-03 
 4.92500000e-09  1.73250000e+00  2.17719670e-03 
 4.93500000e-09  1.74150000e+00  2.16488869e-03 
 4.94500000e-09  1.75050000e+00  2.15274231e-03 
 4.95500000e-09  1.75950000e+00  2.14148435e-03 
 4.96500000e-09  1.76850000e+00  2.13029795e-03 
 4.97500000e-09  1.77750000e+00  2.11990270e-03 
 4.98500000e-09  1.78650000e+00  2.10951699e-03 
 4.99500000e-09  1.79550000e+00  2.09984901e-03 
 5.00000000e-09  1.80000000e+00  2.09487462e-03 
 5.00100000e-09  1.80000000e+00  1.72304488e-03 
 5.00300000e-09  1.80000000e+00  1.13015258e-03 
 5.00700000e-09  1.80000000e+00  4.74953291e-04 
 5.01500000e-09  1.80000000e+00  4.51770897e-05 
 5.02500000e-09  1.80000000e+00  1.34762747e-06 
 5.03500000e-09  1.80000000e+00 -6.66906657e-07 
 5.04500000e-09  1.80000000e+00  1.79100945e-06 
 5.05500000e-09  1.80000000e+00 -4.34491877e-07 
 5.06500000e-09  1.80000000e+00  1.55427262e-06 
 5.07500000e-09  1.80000000e+00 -2.38259571e-07 
 5.08500000e-09  1.80000000e+00  1.38114441e-06 
 5.09500000e-09  1.80000000e+00 -6.99737451e-08 
 5.10500000e-09  1.80000000e+00  1.26431839e-06 
 5.11500000e-09  1.80000000e+00  3.33127818e-08 
 5.12500000e-09  1.80000000e+00  1.15876903e-06 
 5.13500000e-09  1.80000000e+00  1.14414251e-07 
 5.14500000e-09  1.80000000e+00  1.08564888e-06 
 5.15500000e-09  1.80000000e+00  1.79018731e-07 
 5.16500000e-09  1.80000000e+00  1.02656800e-06 
 5.17500000e-09  1.80000000e+00  2.31443181e-07 
 5.18500000e-09  1.80000000e+00  9.78087232e-07 
 5.19500000e-09  1.80000000e+00  2.74641357e-07 
 5.20500000e-09  1.80000000e+00  9.37702005e-07 
 5.21500000e-09  1.80000000e+00  3.10786531e-07 
 5.22500000e-09  1.80000000e+00  9.03581197e-07 
 5.23500000e-09  1.80000000e+00  3.41414906e-07 
 5.24500000e-09  1.80000000e+00  8.74395879e-07 
 5.25500000e-09  1.80000000e+00  3.67700627e-07 
 5.26500000e-09  1.80000000e+00  8.49143375e-07 
 5.27500000e-09  1.80000000e+00  3.90511637e-07 
 5.28500000e-09  1.80000000e+00  8.27073192e-07 
 5.29500000e-09  1.80000000e+00  4.10498996e-07 
 5.30500000e-09  1.80000000e+00  8.07617881e-07 
 5.31500000e-09  1.80000000e+00  4.28156548e-07 
 5.32500000e-09  1.80000000e+00  7.91441521e-07 
 5.33500000e-09  1.80000000e+00  4.44956150e-07 
 5.34500000e-09  1.80000000e+00  7.75717608e-07 
 5.35500000e-09  1.80000000e+00  4.58732896e-07 
 5.36500000e-09  1.80000000e+00  7.61609423e-07 
 5.37500000e-09  1.80000000e+00  4.71108951e-07 
 5.38500000e-09  1.80000000e+00  7.48889473e-07 
 5.39500000e-09  1.80000000e+00  4.82270732e-07 
 5.40500000e-09  1.80000000e+00  7.37383967e-07 
 5.41500000e-09  1.80000000e+00  4.92369622e-07 
 5.42500000e-09  1.80000000e+00  7.26949525e-07 
 5.43500000e-09  1.80000000e+00  5.01709265e-07 
 5.44500000e-09  1.80000000e+00  7.17467377e-07 
 5.45500000e-09  1.80000000e+00  5.10398664e-07 
 5.46500000e-09  1.80000000e+00  7.08838659e-07 
 5.47500000e-09  1.80000000e+00  5.18308505e-07 
 5.48500000e-09  1.80000000e+00  7.00977327e-07 
 5.49500000e-09  1.80000000e+00  5.25518310e-07 
 5.50500000e-09  1.80000000e+00  6.93806798e-07 
 5.51500000e-09  1.80000000e+00  5.32097325e-07 
 5.52500000e-09  1.80000000e+00  6.87259996e-07 
 5.53500000e-09  1.80000000e+00  5.38106346e-07 
 5.54500000e-09  1.80000000e+00  6.81277704e-07 
 5.55500000e-09  1.80000000e+00  5.43599145e-07 
 5.56500000e-09  1.80000000e+00  6.75807321e-07 
 5.57500000e-09  1.80000000e+00  5.45107999e-07 
 5.58500000e-09  1.80000000e+00  6.67293335e-07 
 5.59500000e-09  1.80000000e+00  5.49851567e-07 
 5.60500000e-09  1.80000000e+00  6.62801723e-07 
 5.61500000e-09  1.80000000e+00  5.54149009e-07 
 5.62500000e-09  1.80000000e+00  6.58688848e-07 
 5.63500000e-09  1.80000000e+00  5.58085802e-07 
 5.64500000e-09  1.80000000e+00  6.54920090e-07 
 5.65500000e-09  1.80000000e+00  5.61694175e-07 
 5.66500000e-09  1.80000000e+00  6.51464837e-07 
 5.67500000e-09  1.80000000e+00  5.65003225e-07 
 5.68500000e-09  1.80000000e+00  6.48295412e-07 
 5.69500000e-09  1.80000000e+00  5.68039292e-07 
 5.70500000e-09  1.80000000e+00  6.45386742e-07 
 5.71500000e-09  1.80000000e+00  5.70833266e-07 
 5.72500000e-09  1.80000000e+00  6.42710461e-07 
 5.73500000e-09  1.80000000e+00  5.73389867e-07 
 5.74500000e-09  1.80000000e+00  6.40259636e-07 
 5.75500000e-09  1.80000000e+00  5.75739656e-07 
 5.76500000e-09  1.80000000e+00  6.38006496e-07 
 5.77500000e-09  1.80000000e+00  5.77900369e-07 
 5.78500000e-09  1.80000000e+00  6.35934202e-07 
 5.79500000e-09  1.80000000e+00  5.79888101e-07 
 5.80500000e-09  1.80000000e+00  6.34027371e-07 
 5.81500000e-09  1.80000000e+00  5.81717556e-07 
 5.82500000e-09  1.80000000e+00  6.32271947e-07 
 5.83500000e-09  1.80000000e+00  5.83402172e-07 
 5.84500000e-09  1.80000000e+00  6.30654804e-07 
 5.85500000e-09  1.80000000e+00  5.84954092e-07 
 5.86500000e-09  1.80000000e+00  6.29164870e-07 
 5.87500000e-09  1.80000000e+00  5.86384800e-07 
 5.88500000e-09  1.80000000e+00  6.27790983e-07 
 5.89500000e-09  1.80000000e+00  5.87704392e-07 
 5.90500000e-09  1.80000000e+00  6.26523428e-07 
 5.91500000e-09  1.80000000e+00  5.88922219e-07 
 5.92500000e-09  1.80000000e+00  6.25353266e-07 
 5.93500000e-09  1.80000000e+00  5.90046822e-07 
 5.94500000e-09  1.80000000e+00  6.24272337e-07 
 5.95500000e-09  1.80000000e+00  5.91086004e-07 
 5.96500000e-09  1.80000000e+00  6.23273183e-07 
 5.97500000e-09  1.80000000e+00  5.92046892e-07 
 5.98500000e-09  1.80000000e+00  6.22348993e-07 
 5.99500000e-09  1.80000000e+00  5.92935994e-07 
 6.00500000e-09  1.80000000e+00  6.21493544e-07 
 6.01500000e-09  1.80000000e+00  5.93759260e-07 
 6.02500000e-09  1.80000000e+00  6.20701150e-07 
 6.03500000e-09  1.80000000e+00  5.94522126e-07 
 6.04500000e-09  1.80000000e+00  6.19966618e-07 
 6.05500000e-09  1.80000000e+00  5.95229556e-07 
 6.06500000e-09  1.80000000e+00  6.19285197e-07 
 6.07500000e-09  1.80000000e+00  5.95886091e-07 
 6.08500000e-09  1.80000000e+00  6.18652548e-07 
 6.09500000e-09  1.80000000e+00  5.96495880e-07 
 6.10500000e-09  1.80000000e+00  6.18064705e-07 
 6.11500000e-09  1.80000000e+00  5.97062718e-07 
 6.12500000e-09  1.80000000e+00  6.17518038e-07 
 6.13500000e-09  1.80000000e+00  5.97590073e-07 
 6.14500000e-09  1.80000000e+00  6.17009233e-07 
 6.15500000e-09  1.80000000e+00  5.98081118e-07 
 6.16500000e-09  1.80000000e+00  6.16535251e-07 
 6.17500000e-09  1.80000000e+00  5.98538756e-07 
 6.18500000e-09  1.80000000e+00  6.16093320e-07 
 6.19500000e-09  1.80000000e+00  5.98965641e-07 
 6.20500000e-09  1.80000000e+00  6.15680898e-07 
 6.21500000e-09  1.80000000e+00  5.99364205e-07 
 6.22500000e-09  1.80000000e+00  6.15295660e-07 
 6.23500000e-09  1.80000000e+00  5.99736671e-07 
 6.24500000e-09  1.80000000e+00  6.14935478e-07 
 6.25500000e-09  1.80000000e+00  6.00085075e-07 
 6.26500000e-09  1.80000000e+00  6.14598404e-07 
 6.27500000e-09  1.80000000e+00  6.00411284e-07 
 6.28500000e-09  1.80000000e+00  6.14282651e-07 
 6.29500000e-09  1.80000000e+00  6.00717006e-07 
 6.30500000e-09  1.80000000e+00  6.13986584e-07 
 6.31500000e-09  1.80000000e+00  6.01003807e-07 
 6.32500000e-09  1.80000000e+00  6.13708706e-07 
 6.33500000e-09  1.80000000e+00  6.01273120e-07 
 6.34500000e-09  1.80000000e+00  6.13447642e-07 
 6.35500000e-09  1.80000000e+00  6.01526263e-07 
 6.36500000e-09  1.80000000e+00  6.13202133e-07 
 6.37500000e-09  1.80000000e+00  6.01764441e-07 
 6.38500000e-09  1.80000000e+00  6.12971022e-07 
 6.39500000e-09  1.80000000e+00  6.01988761e-07 
 6.40500000e-09  1.80000000e+00  6.12753250e-07 
 6.41500000e-09  1.80000000e+00  6.02200240e-07 
 6.42500000e-09  1.80000000e+00  6.12547843e-07 
 6.43500000e-09  1.80000000e+00  6.02399809e-07 
 6.44500000e-09  1.80000000e+00  6.12353908e-07 
 6.45500000e-09  1.80000000e+00  6.02588326e-07 
 6.46500000e-09  1.80000000e+00  6.12170622e-07 
 6.47500000e-09  1.80000000e+00  6.02766577e-07 
 6.48500000e-09  1.80000000e+00  6.11997232e-07 
 6.49500000e-09  1.80000000e+00  6.02935287e-07 
 6.50500000e-09  1.80000000e+00  6.11833045e-07 
 6.51500000e-09  1.80000000e+00  6.03095119e-07 
 6.52500000e-09  1.80000000e+00  6.11677422e-07 
 6.53500000e-09  1.80000000e+00  6.03246687e-07 
 6.54500000e-09  1.80000000e+00  6.11529776e-07 
 6.55500000e-09  1.80000000e+00  6.03390552e-07 
 6.56500000e-09  1.80000000e+00  6.11389566e-07 
 6.57500000e-09  1.80000000e+00  6.03527235e-07 
 6.58500000e-09  1.80000000e+00  6.11256296e-07 
 6.59500000e-09  1.80000000e+00  6.03657213e-07 
 6.60500000e-09  1.80000000e+00  6.11129507e-07 
 6.61500000e-09  1.80000000e+00  6.03780927e-07 
 6.62500000e-09  1.80000000e+00  6.11008773e-07 
 6.63500000e-09  1.80000000e+00  6.03898782e-07 
 6.64500000e-09  1.80000000e+00  6.10893707e-07 
 6.65500000e-09  1.80000000e+00  6.04011154e-07 
 6.66500000e-09  1.80000000e+00  6.10783947e-07 
 6.67500000e-09  1.80000000e+00  6.04118390e-07 
 6.68500000e-09  1.80000000e+00  6.10679161e-07 
 6.69500000e-09  1.80000000e+00  6.04220807e-07 
 6.70500000e-09  1.80000000e+00  6.10579040e-07 
 6.71500000e-09  1.80000000e+00  6.04318703e-07 
 6.72500000e-09  1.80000000e+00  6.10483303e-07 
 6.73500000e-09  1.80000000e+00  6.04412351e-07 
 6.74500000e-09  1.80000000e+00  6.10391683e-07 
 6.75500000e-09  1.80000000e+00  6.04502006e-07 
 6.76500000e-09  1.80000000e+00  6.10303940e-07 
 6.77500000e-09  1.80000000e+00  6.04587900e-07 
 6.78500000e-09  1.80000000e+00  6.10219844e-07 
 6.79500000e-09  1.80000000e+00  6.04670251e-07 
 6.80500000e-09  1.80000000e+00  6.10139189e-07 
 6.81500000e-09  1.80000000e+00  6.04749261e-07 
 6.82500000e-09  1.80000000e+00  6.10061779e-07 
 6.83500000e-09  1.80000000e+00  6.04825118e-07 
 6.84500000e-09  1.80000000e+00  6.09987433e-07 
 6.85500000e-09  1.80000000e+00  6.04897995e-07 
 6.86500000e-09  1.80000000e+00  6.09915986e-07 
 6.87500000e-09  1.80000000e+00  6.04968054e-07 
 6.88500000e-09  1.80000000e+00  6.09847279e-07 
 6.89500000e-09  1.80000000e+00  6.05035448e-07 
 6.90500000e-09  1.80000000e+00  6.09781168e-07 
 6.91500000e-09  1.80000000e+00  6.05100311e-07 
 6.92500000e-09  1.80000000e+00  6.09717519e-07 
 6.93500000e-09  1.80000000e+00  6.05162779e-07 
 6.94500000e-09  1.80000000e+00  6.09656204e-07 
 6.95500000e-09  1.80000000e+00  6.05222973e-07 
 6.96500000e-09  1.80000000e+00  6.09597104e-07 
 6.97500000e-09  1.80000000e+00  6.05281005e-07 
 6.98500000e-09  1.80000000e+00  6.09540112e-07 
 6.99500000e-09  1.80000000e+00  6.05336984e-07 
 7.00000000e-09  1.80000000e+00  6.09457546e-07 
 7.00100000e-09  1.79910000e+00 -4.36537104e-04 
 7.00300000e-09  1.79730000e+00 -1.12042286e-03 
 7.00700000e-09  1.79370000e+00 -1.77980402e-03 
 7.01500000e-09  1.78650000e+00 -2.10264340e-03 
 7.02500000e-09  1.77750000e+00 -2.10470236e-03 
 7.03500000e-09  1.76850000e+00 -2.11648880e-03 
 7.04500000e-09  1.75950000e+00 -2.12501787e-03 
 7.05500000e-09  1.75050000e+00 -2.13613141e-03 
 7.06500000e-09  1.74150000e+00 -2.14562489e-03 
 7.07500000e-09  1.73250000e+00 -2.15683396e-03 
 7.08500000e-09  1.72350000e+00 -2.16704177e-03 
 7.09500000e-09  1.71450000e+00 -2.17839935e-03 
 7.10500000e-09  1.70550000e+00 -2.18914125e-03 
 7.11500000e-09  1.69650000e+00 -2.20059769e-03 
 7.12500000e-09  1.68750000e+00 -2.21164476e-03 
 7.13500000e-09  1.67850000e+00 -2.22303466e-03 
 7.14500000e-09  1.66950000e+00 -2.23406285e-03 
 7.15500000e-09  1.66050000e+00 -2.24506832e-03 
 7.16500000e-09  1.65150000e+00 -2.25560356e-03 
 7.17500000e-09  1.64250000e+00 -2.26570328e-03 
 7.18500000e-09  1.63350000e+00 -2.27505629e-03 
 7.19500000e-09  1.62450000e+00 -2.28346217e-03 
 7.20500000e-09  1.61550000e+00 -2.29065462e-03 
 7.21500000e-09  1.60650000e+00 -2.29623943e-03 
 7.22500000e-09  1.59750000e+00 -2.29992521e-03 
 7.23500000e-09  1.58850000e+00 -2.30114654e-03 
 7.24500000e-09  1.57950000e+00 -2.29953328e-03 
 7.25500000e-09  1.57050000e+00 -2.29435921e-03 
 7.26500000e-09  1.56150000e+00 -2.28513418e-03 
 7.27500000e-09  1.55250000e+00 -2.27097354e-03 
 7.28500000e-09  1.54350000e+00 -2.25123477e-03 
 7.29500000e-09  1.53450000e+00 -2.22487120e-03 
 7.30500000e-09  1.52550000e+00 -2.19106099e-03 
 7.31500000e-09  1.51650000e+00 -2.14858660e-03 
 7.32500000e-09  1.50750000e+00 -2.09642280e-03 
 7.33500000e-09  1.49850000e+00 -2.03316810e-03 
 7.34500000e-09  1.48950000e+00 -1.95757169e-03 
 7.35500000e-09  1.48050000e+00 -1.86803322e-03 
 7.36500000e-09  1.47150000e+00 -1.76305775e-03 
 7.37500000e-09  1.46250000e+00 -1.64083318e-03 
 7.38500000e-09  1.45350000e+00 -1.49960918e-03 
 7.39500000e-09  1.44450000e+00 -1.33735598e-03 
 7.40500000e-09  1.43550000e+00 -1.15206718e-03 
 7.41500000e-09  1.42650000e+00 -9.41500108e-04 
 7.42500000e-09  1.41750000e+00 -7.03403976e-04 
 7.43500000e-09  1.40850000e+00 -4.35338806e-04 
 7.44500000e-09  1.39950000e+00 -1.34831028e-04 
 7.45500000e-09  1.39050000e+00  1.78896888e-04 
 7.46500000e-09  1.38150000e+00  5.29953699e-04 
 7.47500000e-09  1.37250000e+00  9.36684645e-04 
 7.48500000e-09  1.36350000e+00  1.38807481e-03 
 7.49500000e-09  1.35450000e+00  1.88606520e-03 
 7.50500000e-09  1.34550000e+00  2.43303299e-03 
 7.51500000e-09  1.33650000e+00  3.03259523e-03 
 7.52500000e-09  1.32750000e+00  3.68758623e-03 
 7.53500000e-09  1.31850000e+00  4.40182417e-03 
 7.54500000e-09  1.30950000e+00  5.17846061e-03 
 7.55500000e-09  1.30050000e+00  6.02155912e-03 
 7.56500000e-09  1.29150000e+00  6.93465363e-03 
 7.57500000e-09  1.28250000e+00  7.92213888e-03 
 7.58500000e-09  1.27350000e+00  8.98801624e-03 
 7.59500000e-09  1.26450000e+00  1.01371116e-02 
 7.60500000e-09  1.25550000e+00  1.13739912e-02 
 7.61500000e-09  1.24650000e+00  1.27040229e-02 
 7.62500000e-09  1.23750000e+00  1.41324470e-02 
 7.63500000e-09  1.22850000e+00  1.56652964e-02 
 7.64500000e-09  1.21950000e+00  1.73086107e-02 
 7.65500000e-09  1.21050000e+00  1.90692316e-02 
 7.66500000e-09  1.20150000e+00  2.09541508e-02 
 7.67500000e-09  1.19250000e+00  2.29711980e-02 
 7.68500000e-09  1.18350000e+00  2.51285153e-02 
 7.69500000e-09  1.17450000e+00  2.74351560e-02 
 7.70500000e-09  1.16550000e+00  2.99006820e-02 
 7.71500000e-09  1.15650000e+00  3.25356922e-02 
 7.72500000e-09  1.14750000e+00  3.53515422e-02 
 7.73500000e-09  1.13850000e+00  3.83608238e-02 
 7.74500000e-09  1.12950000e+00  4.15772125e-02 
 7.75500000e-09  1.12050000e+00  4.50159234e-02 
 7.76500000e-09  1.11150000e+00  4.86937000e-02 
 7.77500000e-09  1.10250000e+00  5.26292824e-02 
 7.78500000e-09  1.09350000e+00  5.68435649e-02 
 7.79500000e-09  1.08450000e+00  6.13601309e-02 
 7.80500000e-09  1.07550000e+00  6.62056335e-02 
 7.81500000e-09  1.06650000e+00  7.14104852e-02 
 7.82500000e-09  1.05750000e+00  7.70095672e-02 
 7.83500000e-09  1.04850000e+00  8.30432324e-02 
 7.84500000e-09  1.03950000e+00  8.95585476e-02 
 7.85500000e-09  1.03050000e+00  9.66109105e-02 
 7.86500000e-09  1.02150000e+00  1.04266238e-01 
 7.87500000e-09  1.01250000e+00  1.12603791e-01 
 7.88500000e-09  1.00350000e+00  1.21720150e-01 
 7.89500000e-09  9.94500000e-01  1.31734435e-01 
 7.90500000e-09  9.85500000e-01  1.42795696e-01 
 7.91500000e-09  9.76500000e-01  1.55092800e-01 
 7.92500000e-09  9.67500000e-01  1.68868760e-01 
 7.93500000e-09  9.58500000e-01  1.84442347e-01 
 7.94500000e-09  9.49500000e-01  2.02245907e-01 
 7.95500000e-09  9.40500000e-01  2.22893798e-01 
 7.96500000e-09  9.31500000e-01  2.47300916e-01 
 7.97500000e-09  9.22500000e-01  2.76844609e-01 
 7.98500000e-09  9.13500000e-01  3.13473189e-01 
 7.99500000e-09  9.04500000e-01  3.59143679e-01 
 8.00000000e-09  9.00000000e-01  3.85701230e-01 
 8.00100000e-09  9.00000000e-01  3.92503692e-01 
 8.00300000e-09  9.00000000e-01  4.05871254e-01 
 8.00700000e-09  9.00000000e-01  4.31563879e-01 
 8.01500000e-09  9.00000000e-01  4.79279966e-01 
 8.02500000e-09  9.00000000e-01  5.32494650e-01 
 8.03500000e-09  9.00000000e-01  5.79492093e-01 
 8.04500000e-09  9.00000000e-01  6.21103236e-01 
 8.05500000e-09  9.00000000e-01  6.58073750e-01 
 8.06500000e-09  9.00000000e-01  6.90966819e-01 
 8.07500000e-09  9.00000000e-01  7.20305792e-01 
 8.08500000e-09  9.00000000e-01  7.46490946e-01 
 8.09500000e-09  9.00000000e-01  7.69906051e-01 
 8.10500000e-09  9.00000000e-01  7.90847151e-01 
 8.11500000e-09  9.00000000e-01  8.09604576e-01 
 8.12500000e-09  9.00000000e-01  8.26403212e-01 
 8.13500000e-09  9.00000000e-01  8.41467386e-01 
 8.14500000e-09  9.00000000e-01  8.54970966e-01 
 8.15500000e-09  9.00000000e-01  8.67089849e-01 
 8.16500000e-09  9.00000000e-01  8.77960046e-01 
 8.17500000e-09  9.00000000e-01  8.87720943e-01 
 8.18500000e-09  9.00000000e-01  8.96479752e-01 
 8.19500000e-09  9.00000000e-01  9.04347795e-01 
 8.20500000e-09  9.00000000e-01  9.11409983e-01 
 8.21500000e-09  9.00000000e-01  9.17755752e-01 
 8.22500000e-09  9.00000000e-01  9.23452530e-01 
 8.23500000e-09  9.00000000e-01  9.28572506e-01 
 8.24500000e-09  9.00000000e-01  9.33169279e-01 
 8.25500000e-09  9.00000000e-01  9.37301342e-01 
 8.26500000e-09  9.00000000e-01  9.41011289e-01 
 8.27500000e-09  9.00000000e-01  9.44346680e-01 
 8.28500000e-09  9.00000000e-01  9.47341317e-01 
 8.29500000e-09  9.00000000e-01  9.50033992e-01 
 8.30500000e-09  9.00000000e-01  9.52451467e-01 
 8.31500000e-09  9.00000000e-01  9.54625483e-01 
 8.32500000e-09  9.00000000e-01  9.56577157e-01 
 8.33500000e-09  9.00000000e-01  9.58332542e-01 
 8.34500000e-09  9.00000000e-01  9.59908227e-01 
 8.35500000e-09  9.00000000e-01  9.61325673e-01 
 8.36500000e-09  9.00000000e-01  9.62597833e-01 
 8.37500000e-09  9.00000000e-01  9.63742449e-01 
 8.38500000e-09  9.00000000e-01  9.64769565e-01 
 8.39500000e-09  9.00000000e-01  9.65693900e-01 
 8.40500000e-09  9.00000000e-01  9.66523169e-01 
 8.41500000e-09  9.00000000e-01  9.67269646e-01 
 8.42500000e-09  9.00000000e-01  9.67939173e-01 
 8.43500000e-09  9.00000000e-01  9.68542037e-01 
 8.44500000e-09  9.00000000e-01  9.69082584e-01 
 8.45500000e-09  9.00000000e-01  9.69569482e-01 
 8.46500000e-09  9.00000000e-01  9.70005887e-01 
 8.47500000e-09  9.00000000e-01  9.70399141e-01 
 8.48500000e-09  9.00000000e-01  9.70751457e-01 
 8.49500000e-09  9.00000000e-01  9.71069093e-01 
 8.50500000e-09  9.00000000e-01  9.71353511e-01 
 8.51500000e-09  9.00000000e-01  9.71610081e-01 
 8.52500000e-09  9.00000000e-01  9.71839676e-01 
 8.53500000e-09  9.00000000e-01  9.72046933e-01 
 8.54500000e-09  9.00000000e-01  9.72232261e-01 
 8.55500000e-09  9.00000000e-01  9.72399695e-01 
 8.56500000e-09  9.00000000e-01  9.72549280e-01 
 8.57500000e-09  9.00000000e-01  9.72684553e-01 
 8.58500000e-09  9.00000000e-01  9.72805279e-01 
 8.59500000e-09  9.00000000e-01  9.72914578e-01 
 8.60500000e-09  9.00000000e-01  9.73012003e-01 
 8.61500000e-09  9.00000000e-01  9.73100326e-01 
 8.62500000e-09  9.00000000e-01  9.73178937e-01 
 8.63500000e-09  9.00000000e-01  9.73250319e-01 
 8.64500000e-09  9.00000000e-01  9.73313740e-01 
 8.65500000e-09  9.00000000e-01  9.73371440e-01 
 8.66500000e-09  9.00000000e-01  9.73422597e-01 
 8.67500000e-09  9.00000000e-01  9.73469245e-01 
 8.68500000e-09  9.00000000e-01  9.73510503e-01 
 8.69500000e-09  9.00000000e-01  9.73548224e-01 
 8.70500000e-09  9.00000000e-01  9.73581489e-01 
 8.71500000e-09  9.00000000e-01  9.73612000e-01 
 8.72500000e-09  9.00000000e-01  9.73638812e-01 
 8.73500000e-09  9.00000000e-01  9.73663499e-01 
 8.74500000e-09  9.00000000e-01  9.73685103e-01 
 8.75500000e-09  9.00000000e-01  9.73705085e-01 
 8.76500000e-09  9.00000000e-01  9.73722484e-01 
 8.77500000e-09  9.00000000e-01  9.73738665e-01 
 8.78500000e-09  9.00000000e-01  9.73752671e-01 
 8.79500000e-09  9.00000000e-01  9.73765781e-01 
 8.80500000e-09  9.00000000e-01  9.73777049e-01 
 8.81500000e-09  9.00000000e-01  9.73787677e-01 
 8.82500000e-09  9.00000000e-01  9.73796735e-01 
 8.83500000e-09  9.00000000e-01  9.73805357e-01 
 8.84500000e-09  9.00000000e-01  9.73812632e-01 
 8.85500000e-09  9.00000000e-01  9.73819634e-01 
 8.86500000e-09  9.00000000e-01  9.73825471e-01 
 8.87500000e-09  9.00000000e-01  9.73831162e-01 
 8.88500000e-09  9.00000000e-01  9.73835838e-01 
 8.89500000e-09  9.00000000e-01  9.73840470e-01 
 8.90500000e-09  9.00000000e-01  9.73844211e-01 
 8.91500000e-09  9.00000000e-01  9.73847986e-01 
 8.92500000e-09  9.00000000e-01  9.73850973e-01 
 8.93500000e-09  9.00000000e-01  9.73854055e-01 
 8.94500000e-09  9.00000000e-01  9.73856434e-01 
 8.95500000e-09  9.00000000e-01  9.73858955e-01 
 8.96500000e-09  9.00000000e-01  9.73860844e-01 
 8.97500000e-09  9.00000000e-01  9.73862912e-01 
 8.98500000e-09  9.00000000e-01  9.73864406e-01 
 8.99500000e-09  9.00000000e-01  9.73866106e-01 
 9.00500000e-09  9.00000000e-01  9.73867283e-01 
 9.01500000e-09  9.00000000e-01  9.73868685e-01 
 9.02500000e-09  9.00000000e-01  9.73869607e-01 
 9.03500000e-09  9.00000000e-01  9.73870767e-01 
 9.04500000e-09  9.00000000e-01  9.73871484e-01 
 9.05500000e-09  9.00000000e-01  9.73872448e-01 
 9.06500000e-09  9.00000000e-01  9.73873000e-01 
 9.07500000e-09  9.00000000e-01  9.73873805e-01 
 9.08500000e-09  9.00000000e-01  9.73874224e-01 
 9.09500000e-09  9.00000000e-01  9.73874900e-01 
 9.10500000e-09  9.00000000e-01  9.73875214e-01 
 9.11500000e-09  9.00000000e-01  9.73875784e-01 
 9.12500000e-09  9.00000000e-01  9.73876013e-01 
 9.13500000e-09  9.00000000e-01  9.73876498e-01 
 9.14500000e-09  9.00000000e-01  9.73876659e-01 
 9.15500000e-09  9.00000000e-01  9.73877074e-01 
 9.16500000e-09  9.00000000e-01  9.73877181e-01 
 9.17500000e-09  9.00000000e-01  9.73877539e-01 
 9.18500000e-09  9.00000000e-01  9.73877603e-01 
 9.19500000e-09  9.00000000e-01  9.73877913e-01 
 9.20500000e-09  9.00000000e-01  9.73877943e-01 
 9.21500000e-09  9.00000000e-01  9.73878216e-01 
 9.22500000e-09  9.00000000e-01  9.73878219e-01 
 9.23500000e-09  9.00000000e-01  9.73878460e-01 
 9.24500000e-09  9.00000000e-01  9.73878442e-01 
 9.25500000e-09  9.00000000e-01  9.73878656e-01 
 9.26500000e-09  9.00000000e-01  9.73878622e-01 
 9.27500000e-09  9.00000000e-01  9.73878815e-01 
 9.28500000e-09  9.00000000e-01  9.73878768e-01 
 9.29500000e-09  9.00000000e-01  9.73878943e-01 
 9.30500000e-09  9.00000000e-01  9.73878886e-01 
 9.31500000e-09  9.00000000e-01  9.73879045e-01 
 9.32500000e-09  9.00000000e-01  9.73878982e-01 
 9.33500000e-09  9.00000000e-01  9.73879128e-01 
 9.34500000e-09  9.00000000e-01  9.73879059e-01 
 9.35500000e-09  9.00000000e-01  9.73879195e-01 
 9.36500000e-09  9.00000000e-01  9.73879122e-01 
 9.37500000e-09  9.00000000e-01  9.73879249e-01 
 9.38500000e-09  9.00000000e-01  9.73879173e-01 
 9.39500000e-09  9.00000000e-01  9.73879292e-01 
 9.40500000e-09  9.00000000e-01  9.73879214e-01 
 9.41500000e-09  9.00000000e-01  9.73879326e-01 
 9.42500000e-09  9.00000000e-01  9.73879248e-01 
 9.43500000e-09  9.00000000e-01  9.73879354e-01 
 9.44500000e-09  9.00000000e-01  9.73879275e-01 
 9.45500000e-09  9.00000000e-01  9.73879376e-01 
 9.46500000e-09  9.00000000e-01  9.73879297e-01 
 9.47500000e-09  9.00000000e-01  9.73879394e-01 
 9.48500000e-09  9.00000000e-01  9.73879315e-01 
 9.49500000e-09  9.00000000e-01  9.73879408e-01 
 9.50500000e-09  9.00000000e-01  9.73879330e-01 
 9.51500000e-09  9.00000000e-01  9.73879419e-01 
 9.52500000e-09  9.00000000e-01  9.73879343e-01 
 9.53500000e-09  9.00000000e-01  9.73879428e-01 
 9.54500000e-09  9.00000000e-01  9.73879353e-01 
 9.55500000e-09  9.00000000e-01  9.73879435e-01 
 9.56500000e-09  9.00000000e-01  9.73879361e-01 
 9.57500000e-09  9.00000000e-01  9.73879440e-01 
 9.58500000e-09  9.00000000e-01  9.73879368e-01 
 9.59500000e-09  9.00000000e-01  9.73879445e-01 
 9.60500000e-09  9.00000000e-01  9.73879373e-01 
 9.61500000e-09  9.00000000e-01  9.73879448e-01 
 9.62500000e-09  9.00000000e-01  9.73879378e-01 
 9.63500000e-09  9.00000000e-01  9.73879450e-01 
 9.64500000e-09  9.00000000e-01  9.73879382e-01 
 9.65500000e-09  9.00000000e-01  9.73879452e-01 
 9.66500000e-09  9.00000000e-01  9.73879385e-01 
 9.67500000e-09  9.00000000e-01  9.73879454e-01 
 9.68500000e-09  9.00000000e-01  9.73879388e-01 
 9.69500000e-09  9.00000000e-01  9.73879455e-01 
 9.70500000e-09  9.00000000e-01  9.73879390e-01 
 9.71500000e-09  9.00000000e-01  9.73879455e-01 
 9.72500000e-09  9.00000000e-01  9.73879392e-01 
 9.73500000e-09  9.00000000e-01  9.73879456e-01 
 9.74500000e-09  9.00000000e-01  9.73879394e-01 
 9.75500000e-09  9.00000000e-01  9.73879456e-01 
 9.76500000e-09  9.00000000e-01  9.73879396e-01 
 9.77500000e-09  9.00000000e-01  9.73879456e-01 
 9.78500000e-09  9.00000000e-01  9.73879397e-01 
 9.79500000e-09  9.00000000e-01  9.73879456e-01 
 9.80500000e-09  9.00000000e-01  9.73879398e-01 
 9.81500000e-09  9.00000000e-01  9.73879456e-01 
 9.82500000e-09  9.00000000e-01  9.73879399e-01 
 9.83500000e-09  9.00000000e-01  9.73879456e-01 
 9.84500000e-09  9.00000000e-01  9.73879400e-01 
 9.85500000e-09  9.00000000e-01  9.73879456e-01 
 9.86500000e-09  9.00000000e-01  9.73879401e-01 
 9.87500000e-09  9.00000000e-01  9.73879455e-01 
 9.88500000e-09  9.00000000e-01  9.73879402e-01 
 9.89500000e-09  9.00000000e-01  9.73879455e-01 
 9.90500000e-09  9.00000000e-01  9.73879403e-01 
 9.91500000e-09  9.00000000e-01  9.73879454e-01 
 9.92500000e-09  9.00000000e-01  9.73879404e-01 
 9.93500000e-09  9.00000000e-01  9.73879454e-01 
 9.94500000e-09  9.00000000e-01  9.73879404e-01 
 9.95500000e-09  9.00000000e-01  9.73879454e-01 
 9.96500000e-09  9.00000000e-01  9.73879405e-01 
 9.97500000e-09  9.00000000e-01  9.73879453e-01 
 9.98500000e-09  9.00000000e-01  9.73879405e-01 
 9.99500000e-09  9.00000000e-01  9.73879453e-01 
 1.00000000e-08  9.00000000e-01  9.73879406e-01 
 1.00010000e-08  8.99100000e-01  9.72722915e-01 
 1.00030000e-08  8.97300000e-01  9.70893943e-01 
 1.00070000e-08  8.93700000e-01  9.69504825e-01 
 1.00150000e-08  8.86500000e-01  9.75005565e-01 
 1.00250000e-08  8.77500000e-01  9.96370225e-01 
 1.00350000e-08  8.68500000e-01  1.03216199e+00 
 1.00450000e-08  8.59500000e-01  1.08062340e+00 
 1.00550000e-08  8.50500000e-01  1.13982613e+00 
 1.00650000e-08  8.41500000e-01  1.20758835e+00 
 1.00750000e-08  8.32500000e-01  1.28093236e+00 
 1.00850000e-08  8.23500000e-01  1.35562347e+00 
 1.00950000e-08  8.14500000e-01  1.42586574e+00 
 1.01050000e-08  8.05500000e-01  1.48557401e+00 
 1.01150000e-08  7.96500000e-01  1.53166261e+00 
 1.01250000e-08  7.87500000e-01  1.56610435e+00 
 1.01350000e-08  7.78500000e-01  1.59272425e+00 
 1.01450000e-08  7.69500000e-01  1.61437863e+00 
 1.01550000e-08  7.60500000e-01  1.63273145e+00 
 1.01650000e-08  7.51500000e-01  1.64871210e+00 
 1.01750000e-08  7.42500000e-01  1.66285143e+00 
 1.01850000e-08  7.33500000e-01  1.67551556e+00 
 1.01950000e-08  7.24500000e-01  1.68693674e+00 
 1.02050000e-08  7.15500000e-01  1.69728531e+00 
 1.02150000e-08  7.06500000e-01  1.70668178e+00 
 1.02250000e-08  6.97500000e-01  1.71522766e+00 
 1.02350000e-08  6.88500000e-01  1.72300086e+00 
 1.02450000e-08  6.79500000e-01  1.73007362e+00 
 1.02550000e-08  6.70500000e-01  1.73650384e+00 
 1.02650000e-08  6.61500000e-01  1.74234793e+00 
 1.02750000e-08  6.52500000e-01  1.74765179e+00 
 1.02850000e-08  6.43500000e-01  1.75246118e+00 
 1.02950000e-08  6.34500000e-01  1.75681345e+00 
 1.03050000e-08  6.25500000e-01  1.76074648e+00 
 1.03150000e-08  6.16500000e-01  1.76429122e+00 
 1.03250000e-08  6.07500000e-01  1.76747970e+00 
 1.03350000e-08  5.98500000e-01  1.77033824e+00 
 1.03450000e-08  5.89500000e-01  1.77289463e+00 
 1.03550000e-08  5.80500000e-01  1.77517197e+00 
 1.03650000e-08  5.71500000e-01  1.77719506e+00 
 1.03750000e-08  5.62500000e-01  1.77898474e+00 
 1.03850000e-08  5.53500000e-01  1.78056357e+00 
 1.03950000e-08  5.44500000e-01  1.78195055e+00 
 1.04050000e-08  5.35500000e-01  1.78316626e+00 
 1.04150000e-08  5.26500000e-01  1.78422788e+00 
 1.04250000e-08  5.17500000e-01  1.78515385e+00 
 1.04350000e-08  5.08500000e-01  1.78595931e+00 
 1.04450000e-08  4.99500000e-01  1.78666028e+00 
 1.04550000e-08  4.90500000e-01  1.78726952e+00 
 1.04650000e-08  4.81500000e-01  1.78780041e+00 
 1.04750000e-08  4.72500000e-01  1.78826322e+00 
 1.04850000e-08  4.63500000e-01  1.78866869e+00 
 1.04950000e-08  4.54500000e-01  1.78902465e+00 
 1.05050000e-08  4.45500000e-01  1.78933943e+00 
 1.05150000e-08  4.36500000e-01  1.78961872e+00 
 1.05250000e-08  4.27500000e-01  1.78986880e+00 
 1.05350000e-08  4.18500000e-01  1.79009363e+00 
 1.05450000e-08  4.09500000e-01  1.79029783e+00 
 1.05550000e-08  4.00500000e-01  1.79048404e+00 
 1.05650000e-08  3.91500000e-01  1.79065566e+00 
 1.05750000e-08  3.82500000e-01  1.79081433e+00 
 1.05850000e-08  3.73500000e-01  1.79096254e+00 
 1.05950000e-08  3.64500000e-01  1.79110127e+00 
 1.06050000e-08  3.55500000e-01  1.79123232e+00 
 1.06150000e-08  3.46500000e-01  1.79135622e+00 
 1.06250000e-08  3.37500000e-01  1.79147432e+00 
 1.06350000e-08  3.28500000e-01  1.79158682e+00 
 1.06450000e-08  3.19500000e-01  1.79169475e+00 
 1.06550000e-08  3.10500000e-01  1.79179812e+00 
 1.06650000e-08  3.01500000e-01  1.79189774e+00 
 1.06750000e-08  2.92500000e-01  1.79199349e+00 
 1.06850000e-08  2.83500000e-01  1.79208604e+00 
 1.06950000e-08  2.74500000e-01  1.79217520e+00 
 1.07050000e-08  2.65500000e-01  1.79226151e+00 
 1.07150000e-08  2.56500000e-01  1.79234478e+00 
 1.07250000e-08  2.47500000e-01  1.79242547e+00 
 1.07350000e-08  2.38500000e-01  1.79250336e+00 
 1.07450000e-08  2.29500000e-01  1.79257888e+00 
 1.07550000e-08  2.20500000e-01  1.79265179e+00 
 1.07650000e-08  2.11500000e-01  1.79272248e+00 
 1.07750000e-08  2.02500000e-01  1.79279075e+00 
 1.07850000e-08  1.93500000e-01  1.79285693e+00 
 1.07950000e-08  1.84500000e-01  1.79292083e+00 
 1.08050000e-08  1.75500000e-01  1.79298277e+00 
 1.08150000e-08  1.66500000e-01  1.79304256e+00 
 1.08250000e-08  1.57500000e-01  1.79310051e+00 
 1.08350000e-08  1.48500000e-01  1.79315644e+00 
 1.08450000e-08  1.39500000e-01  1.79321064e+00 
 1.08550000e-08  1.30500000e-01  1.79326293e+00 
 1.08650000e-08  1.21500000e-01  1.79331360e+00 
 1.08750000e-08  1.12500000e-01  1.79336247e+00 
 1.08850000e-08  1.03500000e-01  1.79340982e+00 
 1.08950000e-08  9.45000000e-02  1.79345549e+00 
 1.09050000e-08  8.55000000e-02  1.79349973e+00 
 1.09150000e-08  7.65000000e-02  1.79354239e+00 
 1.09250000e-08  6.75000000e-02  1.79358370e+00 
 1.09350000e-08  5.85000000e-02  1.79362354e+00 
 1.09450000e-08  4.95000000e-02  1.79366212e+00 
 1.09550000e-08  4.05000000e-02  1.79369930e+00 
 1.09650000e-08  3.15000000e-02  1.79373531e+00 
 1.09750000e-08  2.25000000e-02  1.79377001e+00 
 1.09850000e-08  1.35000000e-02  1.79380361e+00 
 1.09950000e-08  4.50000000e-03  1.79383598e+00 
 1.10000000e-08  0.00000000e+00  1.79385180e+00 
 1.10010000e-08  0.00000000e+00  1.79442110e+00 
 1.10030000e-08  0.00000000e+00  1.79539522e+00 
 1.10070000e-08  0.00000000e+00  1.79683374e+00 
 1.10150000e-08  0.00000000e+00  1.79856425e+00 
 1.10250000e-08  0.00000000e+00  1.79947308e+00 
 1.10350000e-08  0.00000000e+00  1.79981392e+00 
 1.10450000e-08  0.00000000e+00  1.79992787e+00 
 1.10550000e-08  0.00000000e+00  1.79997783e+00 
 1.10650000e-08  0.00000000e+00  1.79998842e+00 
 1.10750000e-08  0.00000000e+00  1.79999890e+00 
 1.10850000e-08  0.00000000e+00  1.79999694e+00 
 1.10950000e-08  0.00000000e+00  1.80000147e+00 
 1.11050000e-08  0.00000000e+00  1.79999826e+00 
 1.11150000e-08  0.00000000e+00  1.80000135e+00 
 1.11250000e-08  0.00000000e+00  1.79999872e+00 
 1.11350000e-08  0.00000000e+00  1.80000104e+00 
 1.11450000e-08  0.00000000e+00  1.79999903e+00 
 1.11550000e-08  0.00000000e+00  1.80000080e+00 
 1.11650000e-08  0.00000000e+00  1.79999925e+00 
 1.11750000e-08  0.00000000e+00  1.80000062e+00 
 1.11850000e-08  0.00000000e+00  1.79999942e+00 
 1.11950000e-08  0.00000000e+00  1.80000049e+00 
 1.12050000e-08  0.00000000e+00  1.79999954e+00 
 1.12150000e-08  0.00000000e+00  1.80000038e+00 
 1.12250000e-08  0.00000000e+00  1.79999964e+00 
 1.12350000e-08  0.00000000e+00  1.80000031e+00 
 1.12450000e-08  0.00000000e+00  1.79999971e+00 
 1.12550000e-08  0.00000000e+00  1.80000025e+00 
 1.12650000e-08  0.00000000e+00  1.79999976e+00 
 1.12750000e-08  0.00000000e+00  1.80000021e+00 
 1.12850000e-08  0.00000000e+00  1.79999980e+00 
 1.12950000e-08  0.00000000e+00  1.80000017e+00 
 1.13050000e-08  0.00000000e+00  1.79999983e+00 
 1.13150000e-08  0.00000000e+00  1.80000015e+00 
 1.13250000e-08  0.00000000e+00  1.79999985e+00 
 1.13350000e-08  0.00000000e+00  1.80000013e+00 
 1.13450000e-08  0.00000000e+00  1.79999987e+00 
 1.13550000e-08  0.00000000e+00  1.80000011e+00 
 1.13650000e-08  0.00000000e+00  1.79999989e+00 
 1.13750000e-08  0.00000000e+00  1.80000010e+00 
 1.13850000e-08  0.00000000e+00  1.79999990e+00 
 1.13950000e-08  0.00000000e+00  1.80000009e+00 
 1.14050000e-08  0.00000000e+00  1.79999991e+00 
 1.14150000e-08  0.00000000e+00  1.80000008e+00 
 1.14250000e-08  0.00000000e+00  1.79999992e+00 
 1.14350000e-08  0.00000000e+00  1.80000007e+00 
 1.14450000e-08  0.00000000e+00  1.79999992e+00 
 1.14550000e-08  0.00000000e+00  1.80000007e+00 
 1.14650000e-08  0.00000000e+00  1.79999993e+00 
 1.14750000e-08  0.00000000e+00  1.80000006e+00 
 1.14850000e-08  0.00000000e+00  1.79999994e+00 
 1.14950000e-08  0.00000000e+00  1.80000006e+00 
 1.15050000e-08  0.00000000e+00  1.79999994e+00 
 1.15150000e-08  0.00000000e+00  1.80000005e+00 
 1.15250000e-08  0.00000000e+00  1.79999994e+00 
 1.15350000e-08  0.00000000e+00  1.80000005e+00 
 1.15450000e-08  0.00000000e+00  1.79999995e+00 
 1.15550000e-08  0.00000000e+00  1.80000005e+00 
 1.15650000e-08  0.00000000e+00  1.79999995e+00 
 1.15750000e-08  0.00000000e+00  1.80000004e+00 
 1.15850000e-08  0.00000000e+00  1.79999995e+00 
 1.15950000e-08  0.00000000e+00  1.80000004e+00 
 1.16050000e-08  0.00000000e+00  1.79999996e+00 
 1.16150000e-08  0.00000000e+00  1.80000004e+00 
 1.16250000e-08  0.00000000e+00  1.79999996e+00 
 1.16350000e-08  0.00000000e+00  1.80000004e+00 
 1.16450000e-08  0.00000000e+00  1.79999996e+00 
 1.16550000e-08  0.00000000e+00  1.80000003e+00 
 1.16650000e-08  0.00000000e+00  1.79999996e+00 
 1.16750000e-08  0.00000000e+00  1.80000003e+00 
 1.16850000e-08  0.00000000e+00  1.79999996e+00 
 1.16950000e-08  0.00000000e+00  1.80000003e+00 
 1.17050000e-08  0.00000000e+00  1.79999997e+00 
 1.17150000e-08  0.00000000e+00  1.80000003e+00 
 1.17250000e-08  0.00000000e+00  1.79999997e+00 
 1.17350000e-08  0.00000000e+00  1.80000003e+00 
 1.17450000e-08  0.00000000e+00  1.79999997e+00 
 1.17550000e-08  0.00000000e+00  1.80000002e+00 
 1.17650000e-08  0.00000000e+00  1.79999997e+00 
 1.17750000e-08  0.00000000e+00  1.80000002e+00 
 1.17850000e-08  0.00000000e+00  1.79999997e+00 
 1.17950000e-08  0.00000000e+00  1.80000002e+00 
 1.18050000e-08  0.00000000e+00  1.79999997e+00 
 1.18150000e-08  0.00000000e+00  1.80000002e+00 
 1.18250000e-08  0.00000000e+00  1.79999998e+00 
 1.18350000e-08  0.00000000e+00  1.80000002e+00 
 1.18450000e-08  0.00000000e+00  1.79999998e+00 
 1.18550000e-08  0.00000000e+00  1.80000002e+00 
 1.18650000e-08  0.00000000e+00  1.79999998e+00 
 1.18750000e-08  0.00000000e+00  1.80000002e+00 
 1.18850000e-08  0.00000000e+00  1.79999998e+00 
 1.18950000e-08  0.00000000e+00  1.80000002e+00 
 1.19050000e-08  0.00000000e+00  1.79999998e+00 
 1.19150000e-08  0.00000000e+00  1.80000002e+00 
 1.19250000e-08  0.00000000e+00  1.79999998e+00 
 1.19350000e-08  0.00000000e+00  1.80000001e+00 
 1.19450000e-08  0.00000000e+00  1.79999998e+00 
 1.19550000e-08  0.00000000e+00  1.80000001e+00 
 1.19650000e-08  0.00000000e+00  1.79999998e+00 
 1.19750000e-08  0.00000000e+00  1.80000001e+00 
 1.19850000e-08  0.00000000e+00  1.79999998e+00 
 1.19950000e-08  0.00000000e+00  1.80000001e+00 
 1.20000000e-08  0.00000000e+00  1.79999998e+00 
